date,open,high,low,close,volume
2018-01-02 00:00:00.000000,106.1500015258789,110.0,105.3499984741211,109.4499969482422,4599100.0
2018-01-03 00:00:00.000000,109.75,111.33000183105467,109.37000274658205,109.75,3210600.0
2018-01-04 00:00:00.000000,109.87000274658205,110.5500030517578,106.66999816894533,107.19000244140624,3777900.0
2018-01-05 00:00:00.000000,108.0199966430664,112.76000213623048,107.58999633789062,112.38999938964844,5963000.0
2018-01-08 00:00:00.000000,113.5,114.16999816894533,111.1999969482422,113.22000122070312,4579100.0
2018-01-09 00:00:00.000000,113.33000183105467,113.6500015258789,110.45999908447266,112.18000030517578,4111700.0
2018-01-10 00:00:00.000000,111.5,113.3000030517578,111.29000091552734,112.25,2493600.0
2018-01-11 00:00:00.000000,112.55999755859376,113.0,111.6999969482422,112.0,2788800.0
2018-01-12 00:00:00.000000,110.48999786376952,113.9000015258789,110.48999786376952,113.12999725341795,3467400.0
2018-01-16 00:00:00.000000,114.0,114.6999969482422,111.61000061035156,111.91999816894533,3570800.0
2018-01-17 00:00:00.000000,113.0,113.43000030517578,111.5199966430664,113.13999938964844,2709000.0
2018-01-18 00:00:00.000000,114.0500030517578,115.62999725341795,113.1999969482422,115.27999877929688,4353800.0
2018-01-19 00:00:00.000000,115.3499984741211,116.41000366210938,114.72000122070312,116.18000030517578,3534200.0
2018-01-22 00:00:00.000000,116.31999969482422,118.3000030517578,115.81999969482422,117.98999786376952,4235800.0
2018-01-23 00:00:00.000000,117.87999725341795,118.66999816894533,116.94000244140624,117.66999816894533,3449700.0
2018-01-24 00:00:00.000000,118.41000366210938,118.41000366210938,114.26000213623048,114.66000366210938,6553600.0
2018-01-25 00:00:00.000000,115.6999969482422,115.97000122070312,113.66999816894533,114.5,3457700.0
2018-01-26 00:00:00.000000,115.33000183105467,116.23999786376952,113.54000091552734,115.1999969482422,3417600.0
2018-01-29 00:00:00.000000,115.20999908447266,119.41000366210938,115.20999908447266,117.6500015258789,6486500.0
2018-01-30 00:00:00.000000,116.4000015258789,119.31999969482422,116.4000015258789,118.6999969482422,8493600.0
2018-01-31 00:00:00.000000,129.5500030517578,131.00999450683594,126.47000122070312,126.95999908447266,14727300.0
2018-02-01 00:00:00.000000,126.75,130.05999755859375,126.01000213623048,128.17999267578125,6297200.0
2018-02-02 00:00:00.000000,127.68000030517578,128.1699981689453,124.45999908447266,124.52999877929688,6471200.0
2018-02-05 00:00:00.000000,123.7300033569336,126.20999908447266,120.68000030517578,121.63999938964844,4533400.0
2018-02-06 00:00:00.000000,118.86000061035156,123.3499984741211,117.76000213623048,123.12999725341795,4652300.0
2018-02-07 00:00:00.000000,122.86000061035156,125.0,122.18000030517578,123.0500030517578,4066900.0
2018-02-08 00:00:00.000000,123.0,123.0,116.5199966430664,116.54000091552734,5478900.0
2018-02-09 00:00:00.000000,117.95999908447266,122.13999938964844,114.66999816894533,120.63999938964844,5945100.0
2018-02-12 00:00:00.000000,121.77999877929688,124.16000366210938,121.52999877929688,122.22000122070312,3695100.0
2018-02-13 00:00:00.000000,120.8499984741211,123.12999725341795,120.58000183105467,122.27999877929688,2388700.0
2018-02-14 00:00:00.000000,121.2300033569336,124.87000274658205,121.2300033569336,123.7699966430664,4293400.0
2018-02-15 00:00:00.000000,124.83000183105467,127.02999877929688,123.44000244140624,126.4800033569336,3207100.0
2018-02-16 00:00:00.000000,126.43000030517578,126.79000091552734,125.13999938964844,126.0199966430664,3214500.0
2018-02-20 00:00:00.000000,125.37000274658205,127.5500030517578,125.3499984741211,126.33999633789062,2540600.0
2018-02-21 00:00:00.000000,126.61000061035156,128.10000610351562,124.80999755859376,124.9000015258789,3191000.0
2018-02-22 00:00:00.000000,125.79000091552734,126.3499984741211,123.91999816894533,124.61000061035156,1919700.0
2018-02-23 00:00:00.000000,125.0999984741211,127.27999877929688,123.73999786376952,127.0999984741211,2476900.0
2018-02-26 00:00:00.000000,127.38999938964844,128.8000030517578,126.91000366210938,128.57000732421875,2877800.0
2018-02-27 00:00:00.000000,128.05999755859375,128.60000610351562,125.5500030517578,125.8000030517578,3158800.0
2018-02-28 00:00:00.000000,126.51000213623048,127.75,123.66999816894533,123.6999969482422,3496000.0
2018-03-01 00:00:00.000000,124.54000091552734,124.94000244140624,121.33000183105467,122.16999816894533,3919200.0
2018-03-02 00:00:00.000000,120.94000244140624,125.30999755859376,120.58000183105467,125.08999633789062,2935800.0
2018-03-05 00:00:00.000000,124.16000366210938,126.62999725341795,123.69000244140624,126.0999984741211,1642500.0
2018-03-06 00:00:00.000000,126.4800033569336,126.58999633789062,123.45999908447266,124.5500030517578,2269300.0
2018-03-07 00:00:00.000000,123.62999725341795,127.51000213623048,123.25,127.16999816894533,2679300.0
2018-03-08 00:00:00.000000,127.37999725341795,129.8699951171875,126.8000030517578,128.82000732421875,3693600.0
2018-03-09 00:00:00.000000,129.97000122070312,130.86000061035156,128.19000244140625,128.49000549316406,2647500.0
2018-03-12 00:00:00.000000,128.55999755859375,129.25,127.55999755859376,128.1199951171875,2341100.0
2018-03-13 00:00:00.000000,129.0500030517578,129.3000030517578,125.87999725341795,126.56999969482422,2948600.0
2018-03-14 00:00:00.000000,126.88999938964844,128.0800018310547,123.63999938964844,127.97000122070312,3579500.0
2018-03-15 00:00:00.000000,128.19000244140625,129.85000610351562,126.54000091552734,129.1199951171875,2690700.0
2018-03-16 00:00:00.000000,130.35000610351562,131.1300048828125,128.1300048828125,128.52000427246094,4187200.0
2018-03-19 00:00:00.000000,127.52999877929688,128.0800018310547,124.16999816894533,125.44000244140624,3207700.0
2018-03-20 00:00:00.000000,125.7699966430664,127.77999877929688,125.02999877929688,126.8499984741211,1960100.0
2018-03-21 00:00:00.000000,126.5199966430664,127.73999786376952,125.62000274658205,126.0,2050100.0
2018-03-22 00:00:00.000000,124.83000183105467,125.62999725341795,122.66999816894533,122.9800033569336,2727000.0
2018-03-23 00:00:00.000000,123.1999969482422,125.27999877929688,121.37999725341795,121.44000244140624,2645800.0
2018-03-26 00:00:00.000000,124.23999786376952,127.5,122.98999786376952,126.44000244140624,2654800.0
2018-03-27 00:00:00.000000,126.37000274658205,126.98999786376952,118.91999816894533,119.9800033569336,3142400.0
2018-03-28 00:00:00.000000,120.26000213623048,121.37999725341795,118.26000213623048,119.33000183105467,3304300.0
2018-03-29 00:00:00.000000,120.37000274658205,123.0,118.8000030517578,121.23999786376952,2809700.0
2018-04-02 00:00:00.000000,120.4800033569336,121.33000183105467,116.98999786376952,118.72000122070312,2610600.0
2018-04-03 00:00:00.000000,119.87000274658205,120.8499984741211,117.62000274658205,119.51000213623048,2378100.0
2018-04-04 00:00:00.000000,116.70999908447266,120.56999969482422,116.27999877929688,120.11000061035156,3623800.0
2018-04-05 00:00:00.000000,121.5199966430664,122.77999877929688,120.5500030517578,121.2300033569336,2915200.0
2018-04-06 00:00:00.000000,120.05999755859376,121.1999969482422,117.66000366210938,118.36000061035156,2472900.0
2018-04-09 00:00:00.000000,119.19000244140624,121.06999969482422,118.52999877929688,118.86000061035156,2572100.0
2018-04-10 00:00:00.000000,120.37000274658205,121.25,118.3000030517578,120.70999908447266,2975600.0
2018-04-11 00:00:00.000000,119.72000122070312,120.5,118.31999969482422,118.77999877929688,2455200.0
2018-04-12 00:00:00.000000,119.95999908447266,121.58999633789062,119.0,121.08999633789062,2498700.0
2018-04-13 00:00:00.000000,122.01000213623048,122.01000213623048,119.6500015258789,120.52999877929688,2165100.0
2018-04-16 00:00:00.000000,121.41999816894533,122.8000030517578,121.27999877929688,122.19000244140624,1849400.0
2018-04-17 00:00:00.000000,123.0199966430664,124.87000274658205,122.87000274658205,124.30999755859376,2304700.0
2018-04-18 00:00:00.000000,124.66999816894533,125.41000366210938,124.0500030517578,124.93000030517578,1432900.0
2018-04-19 00:00:00.000000,124.08999633789062,125.83000183105467,122.33999633789062,123.11000061035156,3081700.0
2018-04-20 00:00:00.000000,122.54000091552734,122.54000091552734,119.91999816894533,120.88999938964844,2753100.0
2018-04-23 00:00:00.000000,122.38999938964844,122.38999938964844,119.25,119.5999984741211,1822400.0
2018-04-24 00:00:00.000000,119.9499969482422,121.41999816894533,116.75,118.58999633789062,3010300.0
2018-04-25 00:00:00.000000,118.30999755859376,118.88999938964844,115.80999755859376,116.68000030517578,3027800.0
2018-04-26 00:00:00.000000,116.5199966430664,120.16000366210938,116.5199966430664,119.5999984741211,3162100.0
2018-04-27 00:00:00.000000,119.0,119.5500030517578,115.80999755859376,117.47000122070312,2536000.0
2018-04-30 00:00:00.000000,117.63999938964844,118.7699966430664,116.2699966430664,117.9800033569336,2227800.0
2018-05-01 00:00:00.000000,118.05999755859376,120.1500015258789,117.18000030517578,119.83000183105467,2345900.0
2018-05-02 00:00:00.000000,119.79000091552734,120.51000213623048,118.33999633789062,118.94000244140624,2399900.0
2018-05-03 00:00:00.000000,118.18000030517578,124.30999755859376,114.87999725341795,120.16999816894533,11445500.0
2018-05-04 00:00:00.000000,119.12000274658205,124.1999969482422,118.41000366210938,123.63999938964844,3909200.0
2018-05-07 00:00:00.000000,124.6999969482422,125.77999877929688,123.36000061035156,123.91999816894533,3177800.0
2018-05-08 00:00:00.000000,123.29000091552734,124.33000183105467,122.16000366210938,123.88999938964844,4446800.0
2018-05-09 00:00:00.000000,127.98999786376952,132.44000244140625,126.06999969482422,131.00999450683594,7595100.0
2018-05-10 00:00:00.000000,130.94000244140625,133.9199981689453,129.74000549316406,133.75999450683594,4610300.0
2018-05-11 00:00:00.000000,133.3000030517578,134.5800018310547,132.1199951171875,132.80999755859375,4364200.0
2018-05-14 00:00:00.000000,133.07000732421875,133.97000122070312,130.9499969482422,132.52999877929688,2280200.0
2018-05-15 00:00:00.000000,131.7899932861328,132.3000030517578,129.61000061035156,130.11000061035156,2107300.0
2018-05-16 00:00:00.000000,130.36000061035156,131.19000244140625,128.02000427246094,130.86000061035156,1842300.0
2018-05-17 00:00:00.000000,129.91000366210938,132.0,129.6199951171875,130.80999755859375,2773900.0
2018-05-18 00:00:00.000000,130.74000549316406,132.1999969482422,129.88999938964844,132.0,2989200.0
2018-05-21 00:00:00.000000,132.7100067138672,134.61000061035156,131.0399932861328,132.91000366210938,2088400.0
2018-05-22 00:00:00.000000,133.14999389648438,133.86000061035156,131.77999877929688,132.17999267578125,1709900.0
2018-05-23 00:00:00.000000,131.27999877929688,133.5399932861328,130.82000732421875,133.5,2002000.0
2018-05-24 00:00:00.000000,133.49000549316406,133.49000549316406,129.57000732421875,131.47999572753906,3319300.0
2018-05-25 00:00:00.000000,131.77000427246094,132.60000610351562,131.14999389648438,131.85000610351562,1459300.0
2018-05-29 00:00:00.000000,130.7100067138672,131.50999450683594,129.83999633789062,131.25,1750100.0
2018-05-30 00:00:00.000000,132.14999389648438,132.14999389648438,131.02999877929688,131.3699951171875,1395000.0
2018-05-31 00:00:00.000000,131.83999633789062,132.9600067138672,130.35000610351562,130.91000366210938,2516500.0
2018-06-01 00:00:00.000000,132.0800018310547,135.8000030517578,131.6699981689453,135.69000244140625,2909600.0
2018-06-04 00:00:00.000000,135.6999969482422,136.99000549316406,133.67999267578125,134.66000366210938,2470000.0
2018-06-05 00:00:00.000000,135.32000732421875,137.47999572753906,134.8000030517578,136.9600067138672,2645200.0
2018-06-06 00:00:00.000000,137.80999755859375,138.38999938964844,136.1199951171875,136.94000244140625,2915000.0
2018-06-07 00:00:00.000000,137.4199981689453,138.75,135.47999572753906,136.91000366210938,2481600.0
2018-06-08 00:00:00.000000,136.7100067138672,138.05999755859375,136.22999572753906,137.8699951171875,3494500.0
2018-06-11 00:00:00.000000,139.0800018310547,140.5399932861328,138.42999267578125,139.16000366210938,5073200.0
2018-06-12 00:00:00.000000,139.0,140.39999389648438,138.69000244140625,139.77999877929688,2902100.0
2018-06-13 00:00:00.000000,140.86000061035156,144.9199981689453,140.33999633789062,143.27999877929688,6432900.0
2018-06-14 00:00:00.000000,143.60000610351562,147.0399932861328,143.41000366210938,144.38999938964844,4558800.0
2018-06-15 00:00:00.000000,144.2899932861328,147.1300048828125,143.64999389648438,146.64999389648438,3943800.0
2018-06-18 00:00:00.000000,145.5,145.69000244140625,142.44000244140625,144.86000061035156,2890200.0
2018-06-19 00:00:00.000000,143.1300048828125,144.8300018310547,141.6199951171875,143.08999633789062,4117800.0
2018-06-20 00:00:00.000000,143.61000061035156,144.74000549316406,143.24000549316406,143.5399932861328,1935800.0
2018-06-21 00:00:00.000000,144.1300048828125,144.75,141.6300048828125,143.14999389648438,1536000.0
2018-06-22 00:00:00.000000,145.5,145.6300048828125,140.9499969482422,141.25999450683594,3053000.0
2018-06-25 00:00:00.000000,140.72999572753906,140.89999389648438,138.83999633789062,140.52000427246094,2574200.0
2018-06-26 00:00:00.000000,141.4499969482422,143.13999938964844,140.1300048828125,140.3699951171875,2691200.0
2018-06-27 00:00:00.000000,140.72999572753906,142.2100067138672,137.67999267578125,137.75,2541800.0
2018-06-28 00:00:00.000000,138.17999267578125,141.3800048828125,137.83999633789062,140.6300048828125,2708200.0
2018-06-29 00:00:00.000000,141.75999450683594,143.14999389648438,140.52999877929688,141.02000427246094,2371200.0
2018-07-02 00:00:00.000000,140.49000549316406,143.5800018310547,140.2100067138672,143.47999572753906,1872100.0
2018-07-03 00:00:00.000000,143.77999877929688,144.16000366210938,141.0,141.22999572753906,1168800.0
2018-07-05 00:00:00.000000,142.5800018310547,143.4600067138672,142.07000732421875,143.22999572753906,1266600.0
2018-07-06 00:00:00.000000,143.05999755859375,145.2899932861328,142.9600067138672,145.10000610351562,1628500.0
2018-07-09 00:00:00.000000,145.5500030517578,146.88999938964844,142.27000427246094,144.63999938964844,2041900.0
2018-07-10 00:00:00.000000,144.41000366210938,145.35000610351562,143.36000061035156,144.19000244140625,1716000.0
2018-07-11 00:00:00.000000,143.0399932861328,146.27999877929688,142.75,145.72000122070312,2057200.0
2018-07-12 00:00:00.000000,146.92999267578125,148.74000549316406,146.35000610351562,148.61000061035156,1903400.0
2018-07-13 00:00:00.000000,148.6999969482422,151.25999450683594,147.3800048828125,148.72999572753906,2108600.0
2018-07-16 00:00:00.000000,148.9499969482422,149.10000610351562,146.42999267578125,146.67999267578125,1917700.0
2018-07-17 00:00:00.000000,145.60000610351562,149.22999572753906,145.00999450683594,148.74000549316406,2478100.0
2018-07-18 00:00:00.000000,149.05999755859375,150.0,147.7100067138672,148.92999267578125,2486800.0
2018-07-19 00:00:00.000000,148.1199951171875,149.47000122070312,147.0,147.9600067138672,1645500.0
2018-07-20 00:00:00.000000,148.19000244140625,149.7899932861328,147.13999938964844,147.47999572753906,2153700.0
2018-07-23 00:00:00.000000,146.50999450683594,147.86000061035156,145.33999633789062,146.55999755859375,2226900.0
2018-07-24 00:00:00.000000,147.5,147.72000122070312,142.9600067138672,144.32000732421875,3880200.0
2018-07-25 00:00:00.000000,144.91000366210938,146.7899932861328,144.25,146.5,2944900.0
2018-07-26 00:00:00.000000,148.0,148.0,141.05999755859375,141.89999389648438,6273500.0
2018-07-27 00:00:00.000000,134.94000244140625,137.97999572753906,131.25,133.80999755859375,11612100.0
2018-07-30 00:00:00.000000,133.4499969482422,133.57000732421875,125.5999984741211,126.20999908447266,9488300.0
2018-07-31 00:00:00.000000,127.4499969482422,128.99000549316406,125.30999755859376,128.75,6231300.0
2018-08-01 00:00:00.000000,130.25,131.2100067138672,127.0199966430664,127.4800033569336,4863900.0
2018-08-02 00:00:00.000000,126.7699966430664,128.8699951171875,125.4499969482422,128.64999389648438,3535300.0
2018-08-03 00:00:00.000000,131.00999450683594,134.0,128.85000610351562,130.8699951171875,5456500.0
2018-08-06 00:00:00.000000,130.02000427246094,130.47000122070312,127.6500015258789,129.02999877929688,3366600.0
2018-08-07 00:00:00.000000,130.16000366210938,130.77999877929688,127.30999755859376,128.10000610351562,3858900.0
2018-08-08 00:00:00.000000,128.1300048828125,128.91000366210938,127.0999984741211,128.41000366210938,2740000.0
2018-08-09 00:00:00.000000,128.5,128.89999389648438,127.41999816894533,127.81999969482422,4261100.0
2018-08-10 00:00:00.000000,128.1999969482422,132.0399932861328,126.77999877929688,131.32000732421875,5190400.0
2018-08-13 00:00:00.000000,131.41000366210938,133.64999389648438,130.44000244140625,131.32000732421875,4636100.0
2018-08-14 00:00:00.000000,131.0,132.30999755859375,129.1199951171875,131.91000366210938,3052900.0
2018-08-15 00:00:00.000000,129.82000732421875,130.75999450683594,126.0199966430664,128.0500030517578,5484700.0
2018-08-16 00:00:00.000000,129.97000122070312,130.92999267578125,128.02000427246094,129.7100067138672,4673400.0
2018-08-17 00:00:00.000000,128.80999755859375,129.44000244140625,126.9800033569336,128.00999450683594,3805600.0
2018-08-20 00:00:00.000000,127.08000183105467,128.3000030517578,125.58000183105467,127.70999908447266,3625400.0
2018-08-21 00:00:00.000000,128.5399932861328,129.1699981689453,125.97000122070312,126.76000213623048,5814300.0
2018-08-22 00:00:00.000000,126.05999755859376,129.07000732421875,124.66000366210938,127.62000274658205,6609700.0
2018-08-23 00:00:00.000000,127.62999725341795,127.98999786376952,125.79000091552734,126.11000061035156,4468200.0
2018-08-24 00:00:00.000000,126.88999938964844,129.5,126.3499984741211,128.97000122070312,3483300.0
2018-08-27 00:00:00.000000,130.2899932861328,130.57000732421875,128.07000732421875,128.97000122070312,2404600.0
2018-08-28 00:00:00.000000,129.61000061035156,129.7899932861328,127.18000030517578,127.79000091552734,2418700.0
2018-08-29 00:00:00.000000,127.55999755859376,128.8800048828125,127.02999877929688,128.52000427246094,3138100.0
2018-08-30 00:00:00.000000,120.5999984741211,121.6500015258789,115.66000366210938,115.94000244140624,19585500.0
2018-08-31 00:00:00.000000,115.12999725341795,115.5,113.08999633789062,113.41000366210938,9652900.0
2018-09-04 00:00:00.000000,113.72000122070312,114.4000015258789,111.94000244140624,113.5199966430664,5245500.0
2018-09-05 00:00:00.000000,112.9800033569336,113.43000030517578,110.9800033569336,111.5500030517578,4311100.0
2018-09-06 00:00:00.000000,111.8499984741211,113.77999877929688,111.20999908447266,113.1999969482422,6382600.0
2018-09-07 00:00:00.000000,112.73999786376952,116.0,112.62999725341795,114.91000366210938,5742500.0
2018-09-10 00:00:00.000000,115.25,115.6500015258789,112.87000274658205,113.20999908447266,4424900.0
2018-09-11 00:00:00.000000,112.29000091552734,113.18000030517578,110.52999877929688,112.29000091552734,4217300.0
2018-09-12 00:00:00.000000,112.01000213623048,113.72000122070312,111.66999816894533,113.0,3068300.0
2018-09-13 00:00:00.000000,113.75,114.61000061035156,113.02999877929688,113.83999633789062,2506600.0
2018-09-14 00:00:00.000000,114.41000366210938,116.51000213623048,113.75,114.2699966430664,3207500.0
2018-09-17 00:00:00.000000,114.37999725341795,114.73999786376952,112.62000274658205,112.69000244140624,3516000.0
2018-09-18 00:00:00.000000,112.83000183105467,113.95999908447266,111.87999725341795,112.6500015258789,3448400.0
2018-09-19 00:00:00.000000,112.98999786376952,113.25,110.8499984741211,112.91999816894533,3013200.0
2018-09-20 00:00:00.000000,113.41999816894533,114.5199966430664,112.5,113.47000122070312,3747000.0
2018-09-21 00:00:00.000000,114.12000274658205,116.02999877929688,113.95999908447266,115.0199966430664,7421800.0
2018-09-24 00:00:00.000000,114.72000122070312,115.63999938964844,113.8000030517578,115.23999786376952,2831500.0
2018-09-25 00:00:00.000000,115.20999908447266,116.44000244140624,114.87000274658205,116.25,2591100.0
2018-09-26 00:00:00.000000,116.87000274658205,119.87000274658205,116.5500030517578,118.08999633789062,5062600.0
2018-09-27 00:00:00.000000,118.4000015258789,119.5999984741211,117.7300033569336,119.37999725341795,3290000.0
2018-09-28 00:00:00.000000,119.08999633789062,120.66000366210938,119.01000213623048,120.48999786376952,3904900.0
2018-10-01 00:00:00.000000,121.1500015258789,121.3000030517578,116.29000091552734,117.5500030517578,5741600.0
2018-10-02 00:00:00.000000,117.5,118.23999786376952,116.18000030517578,117.0500030517578,4160100.0
2018-10-03 00:00:00.000000,117.48999786376952,118.16999816894533,116.20999908447266,116.38999938964844,3632600.0
2018-10-04 00:00:00.000000,116.38999938964844,116.38999938964844,112.76000213623048,114.01000213623048,5235500.0
2018-10-05 00:00:00.000000,114.4000015258789,115.75,111.98999786376952,113.7300033569336,3571400.0
2018-10-08 00:00:00.000000,112.81999969482422,113.29000091552734,109.8000030517578,110.62000274658205,4784400.0
2018-10-09 00:00:00.000000,110.8000030517578,112.20999908447266,109.29000091552734,109.48999786376952,5238500.0
2018-10-10 00:00:00.000000,108.66999816894533,109.12000274658205,104.97000122070312,105.1500015258789,7443800.0
2018-10-11 00:00:00.000000,104.4499969482422,105.38999938964844,102.3000030517578,103.5999984741211,6251700.0
2018-10-12 00:00:00.000000,106.95999908447266,108.12999725341795,104.41000366210938,106.0999984741211,5384500.0
2018-10-15 00:00:00.000000,105.4499969482422,107.02999877929688,104.0199966430664,105.87999725341795,2602000.0
2018-10-16 00:00:00.000000,106.76000213623048,108.51000213623048,106.52999877929688,107.41999816894533,5441900.0
2018-10-17 00:00:00.000000,107.76000213623048,109.36000061035156,106.94000244140624,108.79000091552734,3196200.0
2018-10-18 00:00:00.000000,107.33999633789062,107.8499984741211,104.7699966430664,105.8000030517578,4731800.0
2018-10-19 00:00:00.000000,106.3000030517578,107.48999786376952,101.9800033569336,102.11000061035156,5432300.0
2018-10-22 00:00:00.000000,102.80999755859376,104.23999786376952,101.23999786376952,101.36000061035156,4983100.0
2018-10-23 00:00:00.000000,99.41000366210938,100.05999755859376,97.8000030517578,99.08999633789062,6842900.0
2018-10-24 00:00:00.000000,98.80999755859376,100.1999969482422,96.0999984741211,96.25,4851800.0
2018-10-25 00:00:00.000000,97.86000061035156,99.4800033569336,97.62000274658205,98.63999938964844,5610900.0
2018-10-26 00:00:00.000000,95.93000030517578,98.76000213623048,95.58999633789062,96.22000122070312,4263500.0
2018-10-29 00:00:00.000000,95.77999877929688,97.3000030517578,89.12000274658203,91.19000244140624,9957000.0
2018-10-30 00:00:00.000000,91.66999816894533,94.83000183105467,91.0,94.83000183105467,6678700.0
2018-10-31 00:00:00.000000,92.0,95.37000274658205,89.94000244140625,90.9800033569336,17510800.0
2018-11-01 00:00:00.000000,91.0,95.0500030517578,91.0,94.1999969482422,5444200.0
2018-11-02 00:00:00.000000,95.29000091552734,95.8000030517578,91.83999633789062,92.45999908447266,5325300.0
2018-11-05 00:00:00.000000,92.56999969482422,93.05999755859376,91.16000366210938,92.69000244140624,4163800.0
2018-11-06 00:00:00.000000,92.69000244140624,93.5,91.56999969482422,92.2300033569336,4121700.0
2018-11-07 00:00:00.000000,93.0,94.62999725341795,92.26000213623048,93.8000030517578,7249200.0
2018-11-08 00:00:00.000000,94.01000213623048,94.23999786376952,92.33000183105467,93.87000274658205,5045800.0
2018-11-09 00:00:00.000000,92.86000061035156,92.86000061035156,88.22000122070312,88.88999938964844,7236500.0
2018-11-12 00:00:00.000000,88.5999984741211,88.87999725341797,86.01000213623047,87.66000366210938,5123600.0
2018-11-13 00:00:00.000000,88.33000183105469,89.3499984741211,86.98999786376953,87.38999938964844,3732300.0
2018-11-14 00:00:00.000000,88.23999786376953,88.36000061035156,84.9800033569336,85.76000213623047,3591300.0
2018-11-15 00:00:00.000000,86.0199966430664,88.27999877929688,84.86000061035156,88.25,3827400.0
2018-11-16 00:00:00.000000,87.44999694824219,87.87999725341797,84.9800033569336,85.97000122070312,4585300.0
2018-11-19 00:00:00.000000,86.0999984741211,86.20999908447266,82.72000122070312,83.04000091552734,4461800.0
2018-11-20 00:00:00.000000,80.81999969482422,83.43000030517578,80.41999816894531,83.0199966430664,5388800.0
2018-11-21 00:00:00.000000,83.94000244140625,85.4800033569336,83.43000030517578,84.0199966430664,3272900.0
2018-11-23 00:00:00.000000,83.81999969482422,84.25,82.41999816894531,82.66999816894531,1906800.0
2018-11-26 00:00:00.000000,83.5199966430664,85.01000213623047,82.48999786376953,84.93000030517578,5383800.0
2018-11-27 00:00:00.000000,84.68000030517578,85.66999816894531,83.23999786376953,85.04000091552734,3372200.0
2018-11-28 00:00:00.000000,85.51000213623047,86.31999969482422,83.91999816894531,85.9000015258789,4197200.0
2018-11-29 00:00:00.000000,85.08999633789062,87.23999786376953,84.62999725341797,86.38999938964844,3527300.0
2018-11-30 00:00:00.000000,86.30999755859375,86.83000183105469,83.7300033569336,84.06999969482422,5395500.0
2018-12-03 00:00:00.000000,85.80999755859375,86.63999938964844,83.33999633789062,84.0,5052200.0
2018-12-04 00:00:00.000000,83.44000244140625,84.88999938964844,81.0,81.18000030517578,5129500.0
2018-12-06 00:00:00.000000,79.94000244140625,83.87999725341797,79.5,83.87999725341797,5747500.0
2018-12-07 00:00:00.000000,83.77999877929688,85.13999938964844,82.22000122070312,82.5199966430664,4589100.0
2018-12-10 00:00:00.000000,82.33999633789062,84.5999984741211,82.30000305175781,83.7300033569336,3888400.0
2018-12-11 00:00:00.000000,85.12000274658203,85.31999969482422,82.7300033569336,83.44000244140625,3876700.0
2018-12-12 00:00:00.000000,84.31999969482422,85.37000274658203,82.91000366210938,82.98999786376953,3400500.0
2018-12-13 00:00:00.000000,83.91000366210938,83.94000244140625,80.77999877929688,80.86000061035156,5011100.0
2018-12-14 00:00:00.000000,79.81999969482422,81.94999694824219,79.13999938964844,80.16000366210938,5227600.0
2018-12-17 00:00:00.000000,80.13999938964844,82.0199966430664,78.4800033569336,79.2300033569336,4083500.0
2018-12-18 00:00:00.000000,79.68000030517578,81.80000305175781,79.37999725341797,80.0,6191100.0
2018-12-19 00:00:00.000000,80.02999877929688,81.22000122070312,77.33999633789062,78.36000061035156,6416600.0
2018-12-20 00:00:00.000000,77.68000030517578,79.38999938964844,76.45999908447266,77.44000244140625,5567700.0
2018-12-21 00:00:00.000000,78.30000305175781,79.45999908447266,75.62999725341797,76.56999969482422,7829900.0
2018-12-24 00:00:00.000000,75.76000213623047,77.4000015258789,74.37999725341797,74.72000122070312,2556900.0
2018-12-26 00:00:00.000000,75.19999694824219,77.94999694824219,73.91000366210938,77.88999938964844,3257300.0
2018-12-27 00:00:00.000000,77.11000061035156,79.45999908447266,76.76000213623047,79.43000030517578,4261000.0
2018-12-28 00:00:00.000000,79.95999908447266,80.29000091552734,78.30000305175781,79.30000305175781,2733600.0
2018-12-31 00:00:00.000000,80.0,80.37999725341797,78.30000305175781,78.91000366210938,2942400.0
2019-01-02 00:00:00.000000,77.22000122070312,80.63999938964844,77.19999694824219,80.37000274658203,3176600.0
2019-01-03 00:00:00.000000,79.44999694824219,80.3499984741211,77.62000274658203,78.70999908447266,3747100.0
2019-01-04 00:00:00.000000,80.81999969482422,85.25,80.04000091552734,84.41999816894531,7254400.0
2019-01-07 00:00:00.000000,84.88999938964844,88.0999984741211,83.44000244140625,87.58999633789062,6611300.0
2019-01-08 00:00:00.000000,88.45999908447266,89.73999786376953,87.69000244140625,89.0199966430664,6468300.0
2019-01-09 00:00:00.000000,89.80999755859375,90.98999786376952,87.88999938964844,88.91000366210938,4178800.0
2019-01-10 00:00:00.000000,88.79000091552734,91.44000244140624,88.5199966430664,91.01000213623048,4745600.0
2019-01-11 00:00:00.000000,90.66999816894533,91.58999633789062,89.91000366210938,90.6999969482422,3757600.0
2019-01-14 00:00:00.000000,89.62000274658203,89.9800033569336,88.41999816894531,88.58000183105469,3351500.0
2019-01-15 00:00:00.000000,88.95999908447266,89.58000183105469,88.37000274658203,89.48999786376953,2794600.0
2019-01-16 00:00:00.000000,88.0,90.08999633789062,85.95999908447266,89.91999816894531,6613100.0
2019-01-17 00:00:00.000000,87.94999694824219,89.8499984741211,87.6500015258789,89.30999755859375,4283300.0
2019-01-18 00:00:00.000000,90.30999755859376,93.16000366210938,90.2300033569336,92.5199966430664,5403600.0
2019-01-22 00:00:00.000000,91.68000030517578,91.98999786376952,90.01000213623047,91.30999755859376,4474700.0
2019-01-23 00:00:00.000000,91.93000030517578,92.0,88.44000244140625,89.12999725341797,4085900.0
2019-01-24 00:00:00.000000,89.36000061035156,91.5500030517578,88.52999877929688,91.4800033569336,3167900.0
2019-01-25 00:00:00.000000,92.4499969482422,92.9800033569336,90.87000274658205,91.73999786376952,4167700.0
2019-01-28 00:00:00.000000,89.44999694824219,90.6500015258789,88.6500015258789,90.47000122070312,4339500.0
2019-01-29 00:00:00.000000,89.88999938964844,89.88999938964844,86.81999969482422,87.23999786376953,3961400.0
2019-01-30 00:00:00.000000,87.62000274658203,89.2699966430664,86.8499984741211,89.2300033569336,3797800.0
2019-01-31 00:00:00.000000,89.9800033569336,92.8000030517578,89.55000305175781,92.23999786376952,4148200.0
2019-02-01 00:00:00.000000,92.1999969482422,92.8000030517578,90.83000183105467,91.22000122070312,2890300.0
2019-02-04 00:00:00.000000,91.05999755859376,91.06999969482422,88.19000244140625,88.43000030517578,5982500.0
2019-02-05 00:00:00.000000,89.05999755859375,92.8499984741211,88.88999938964844,92.5199966430664,11931400.0
2019-02-06 00:00:00.000000,79.13999938964844,81.58999633789062,78.0,80.20999908447266,30198600.0
2019-02-07 00:00:00.000000,79.9000015258789,85.58999633789062,79.9000015258789,84.0999984741211,11391300.0
2019-02-08 00:00:00.000000,86.51000213623047,97.6500015258789,85.0,97.5999984741211,26898500.0
2019-02-11 00:00:00.000000,102.16000366210938,106.9499969482422,96.7300033569336,97.23999786376952,38704500.0
2019-02-12 00:00:00.000000,106.30999755859376,106.6999969482422,99.0199966430664,102.33000183105467,31161300.0
2019-02-13 00:00:00.000000,104.55999755859376,105.23999786376952,100.68000030517578,102.25,15890000.0
2019-02-14 00:00:00.000000,101.41000366210938,105.87000274658205,101.0,105.25,10547000.0
2019-02-15 00:00:00.000000,107.4000015258789,108.8000030517578,104.7300033569336,106.83999633789062,11254900.0
2019-02-19 00:00:00.000000,105.75,105.75,101.29000091552734,102.95999908447266,10882700.0
2019-02-20 00:00:00.000000,102.43000030517578,102.91000366210938,97.5500030517578,98.62999725341795,10649100.0
2019-02-21 00:00:00.000000,98.7699966430664,98.98999786376952,96.0,96.86000061035156,8104300.0
2019-02-22 00:00:00.000000,97.05999755859376,97.30999755859376,92.8499984741211,95.91999816894533,11617000.0
2019-02-25 00:00:00.000000,96.31999969482422,96.62999725341795,93.63999938964844,95.86000061035156,7046600.0
2019-02-26 00:00:00.000000,95.6500015258789,99.61000061035156,94.81999969482422,98.5,8701100.0
2019-02-27 00:00:00.000000,98.81999969482422,100.80999755859376,97.4000015258789,97.83999633789062,5207600.0
2019-02-28 00:00:00.000000,97.95999908447266,98.63999938964844,95.66999816894533,95.77999877929688,5695000.0
2019-03-01 00:00:00.000000,96.83000183105467,97.94000244140624,95.30999755859376,97.41000366210938,4443600.0
2019-03-04 00:00:00.000000,98.30999755859376,99.43000030517578,95.56999969482422,97.29000091552734,7187200.0
2019-03-05 00:00:00.000000,96.26000213623048,97.05999755859376,95.1500015258789,95.72000122070312,6041900.0
2019-03-06 00:00:00.000000,95.31999969482422,96.37999725341795,94.12999725341795,94.7699966430664,3987500.0
2019-03-07 00:00:00.000000,95.0,99.55999755859376,94.47000122070312,99.36000061035156,8866800.0
2019-03-08 00:00:00.000000,97.95999908447266,99.75,97.4800033569336,98.36000061035156,7357900.0
2019-03-11 00:00:00.000000,98.5999984741211,99.95999908447266,97.94000244140624,99.04000091552734,4623500.0
2019-03-12 00:00:00.000000,99.4000015258789,99.5,98.1500015258789,98.58999633789062,3737600.0
2019-03-13 00:00:00.000000,98.69000244140624,101.08000183105467,97.7699966430664,100.12999725341795,6980000.0
2019-03-14 00:00:00.000000,100.22000122070312,100.33999633789062,97.54000091552734,98.83000183105467,5908900.0
2019-03-15 00:00:00.000000,99.66000366210938,100.1500015258789,98.23999786376952,98.9800033569336,5141800.0
2019-03-18 00:00:00.000000,99.16000366210938,99.88999938964844,96.7300033569336,99.66000366210938,5113000.0
2019-03-19 00:00:00.000000,100.33000183105467,100.5500030517578,97.0,97.51000213623048,6156800.0
2019-03-20 00:00:00.000000,97.44000244140624,98.38999938964844,96.3499984741211,97.02999877929688,4824200.0
2019-03-21 00:00:00.000000,96.48999786376952,105.0,96.48999786376952,104.87999725341795,9533400.0
2019-03-22 00:00:00.000000,104.43000030517578,104.4800033569336,101.16000366210938,102.33999633789062,7158900.0
2019-03-25 00:00:00.000000,102.4000015258789,103.54000091552734,100.87000274658205,101.7300033569336,3812400.0
2019-03-26 00:00:00.000000,102.66000366210938,104.5500030517578,101.5,102.31999969482422,4059300.0
2019-03-27 00:00:00.000000,102.6999969482422,102.86000061035156,100.27999877929688,100.66999816894533,2900800.0
2019-03-28 00:00:00.000000,100.70999908447266,102.47000122070312,100.27999877929688,102.1999969482422,2347100.0
2019-03-29 00:00:00.000000,102.6500015258789,102.97000122070312,101.23999786376952,101.62999725341795,3180800.0
2019-04-01 00:00:00.000000,103.02999877929688,103.9499969482422,101.62000274658205,102.66999816894533,2879200.0
2019-04-02 00:00:00.000000,103.01000213623048,103.0999984741211,100.16000366210938,100.83999633789062,3157500.0
2019-04-03 00:00:00.000000,100.91000366210938,102.16000366210938,100.06999969482422,100.1500015258789,3522800.0
2019-04-04 00:00:00.000000,99.98999786376952,100.3000030517578,97.58999633789062,97.94000244140624,4308700.0
2019-04-05 00:00:00.000000,98.5,99.88999938964844,97.95999908447266,99.43000030517578,3738000.0
2019-04-08 00:00:00.000000,99.01000213623048,99.41999816894533,95.66000366210938,97.9499969482422,3951000.0
2019-04-09 00:00:00.000000,97.54000091552734,99.1500015258789,97.4000015258789,98.25,2543200.0
2019-04-10 00:00:00.000000,98.58000183105467,100.3499984741211,98.37999725341795,99.62999725341795,2199500.0
2019-04-11 00:00:00.000000,100.0,101.4000015258789,99.62999725341795,100.58000183105467,2530500.0
2019-04-12 00:00:00.000000,101.12999725341795,102.38999938964844,100.31999969482422,101.83000183105467,2375900.0
2019-04-15 00:00:00.000000,100.5500030517578,100.98999786376952,97.12000274658205,97.8499984741211,3965600.0
2019-04-16 00:00:00.000000,97.41000366210938,97.5,92.8000030517578,93.83000183105467,7638900.0
2019-04-17 00:00:00.000000,94.45999908447266,94.45999908447266,91.0,91.9499969482422,9779000.0
2019-04-18 00:00:00.000000,92.06999969482422,93.58000183105467,91.0999984741211,93.13999938964844,4262200.0
2019-04-22 00:00:00.000000,92.75,93.04000091552734,91.87999725341795,92.5199966430664,3011200.0
2019-04-23 00:00:00.000000,93.0999984741211,94.95999908447266,92.83999633789062,94.62999725341795,3850800.0
2019-04-24 00:00:00.000000,94.9000015258789,95.27999877929688,93.87000274658205,94.1500015258789,3041500.0
2019-04-25 00:00:00.000000,94.1500015258789,94.1999969482422,92.68000030517578,92.9800033569336,2993000.0
2019-04-26 00:00:00.000000,93.45999908447266,94.58000183105467,92.81999969482422,94.47000122070312,3496300.0
2019-04-29 00:00:00.000000,94.88999938964844,95.58999633789062,94.1500015258789,94.7300033569336,3122600.0
2019-04-30 00:00:00.000000,94.48999786376952,95.08000183105467,93.8000030517578,94.6500015258789,2824600.0
2019-05-01 00:00:00.000000,95.01000213623048,97.1999969482422,94.73999786376952,94.86000061035156,4264300.0
2019-05-02 00:00:00.000000,95.25,96.33000183105467,93.88999938964844,94.4000015258789,3609500.0
2019-05-03 00:00:00.000000,93.6999969482422,93.87999725341795,90.6999969482422,92.5,6385800.0
2019-05-06 00:00:00.000000,91.0999984741211,93.98999786376952,90.5199966430664,93.76000213623048,4413700.0
2019-05-07 00:00:00.000000,93.11000061035156,93.4000015258789,91.83000183105467,92.7300033569336,7090900.0
2019-05-08 00:00:00.000000,99.11000061035156,99.56999969482422,92.18000030517578,93.87999725341795,17468500.0
2019-05-09 00:00:00.000000,92.5199966430664,94.23999786376952,92.1999969482422,93.31999969482422,5159100.0
2019-05-10 00:00:00.000000,93.02999877929688,94.16000366210938,91.01000213623048,93.87999725341795,3979100.0
2019-05-13 00:00:00.000000,92.01000213623048,93.12000274658205,89.91000366210938,90.41999816894533,3685400.0
2019-05-14 00:00:00.000000,90.91999816894533,95.5199966430664,90.75,94.56999969482422,5769300.0
2019-05-15 00:00:00.000000,93.8000030517578,98.31999969482422,93.66000366210938,96.7699966430664,4694700.0
2019-05-16 00:00:00.000000,96.73999786376952,99.0500030517578,96.11000061035156,99.0,3728600.0
2019-05-17 00:00:00.000000,98.26000213623048,98.9499969482422,96.6500015258789,97.26000213623048,3031500.0
2019-05-20 00:00:00.000000,95.44000244140624,96.0,92.30999755859376,92.69000244140624,3842900.0
2019-05-21 00:00:00.000000,93.4000015258789,96.25,93.25,95.6500015258789,3958200.0
2019-05-22 00:00:00.000000,94.83999633789062,95.5999984741211,93.62999725341795,93.83999633789062,1831200.0
2019-05-23 00:00:00.000000,93.33999633789062,94.73999786376952,91.36000061035156,92.11000061035156,3072500.0
2019-05-24 00:00:00.000000,92.66999816894533,93.30999755859376,91.48999786376952,92.2699966430664,2262600.0
2019-05-28 00:00:00.000000,92.9800033569336,94.20999908447266,92.63999938964844,93.5,2729300.0
2019-05-29 00:00:00.000000,92.76000213623048,93.80999755859376,91.80999755859376,92.5500030517578,1889400.0
2019-05-30 00:00:00.000000,92.73999786376952,93.04000091552734,91.5,92.12999725341795,2513500.0
2019-05-31 00:00:00.000000,90.9000015258789,93.27999877929688,90.88999938964844,93.08000183105467,2818700.0
2019-06-03 00:00:00.000000,93.29000091552734,94.23999786376952,90.77999877929688,91.30999755859376,3405400.0
2019-06-04 00:00:00.000000,91.58999633789062,94.20999908447266,90.19000244140624,94.12999725341795,2833500.0
2019-06-05 00:00:00.000000,93.69000244140624,95.98999786376952,93.69000244140624,95.25,2584000.0
2019-06-06 00:00:00.000000,95.95999908447266,97.37999725341795,95.05999755859376,96.38999938964844,2654200.0
2019-06-07 00:00:00.000000,97.0,98.69000244140624,96.56999969482422,96.98999786376952,2021500.0
2019-06-10 00:00:00.000000,98.0,98.12999725341795,94.0500030517578,95.51000213623048,2503200.0
2019-06-11 00:00:00.000000,96.37999725341795,96.5,94.25,94.58000183105467,2097800.0
2019-06-12 00:00:00.000000,94.8000030517578,94.95999908447266,91.72000122070312,92.66999816894533,2579200.0
2019-06-13 00:00:00.000000,92.91999816894533,94.33999633789062,92.41000366210938,93.56999969482422,2526800.0
2019-06-14 00:00:00.000000,93.55999755859376,93.79000091552734,90.45999908447266,92.7300033569336,3297400.0
2019-06-17 00:00:00.000000,92.62000274658205,93.51000213623048,92.0,92.44000244140624,2431900.0
2019-06-18 00:00:00.000000,93.4800033569336,95.3000030517578,91.94000244140624,92.02999877929688,3955900.0
2019-06-19 00:00:00.000000,92.38999938964844,93.18000030517578,91.31999969482422,92.58000183105467,2795300.0
2019-06-20 00:00:00.000000,93.75,94.88999938964844,93.06999969482422,93.19000244140624,2578300.0
2019-06-21 00:00:00.000000,92.9800033569336,95.9800033569336,91.4000015258789,95.33000183105467,6237400.0
2019-06-24 00:00:00.000000,95.66000366210938,99.55999755859376,95.2300033569336,99.0,5066800.0
2019-06-25 00:00:00.000000,98.7699966430664,99.11000061035156,96.08000183105467,96.9000015258789,3364000.0
2019-06-26 00:00:00.000000,97.51000213623048,98.04000091552734,95.62000274658205,97.31999969482422,2827100.0
2019-06-27 00:00:00.000000,97.66999816894533,99.68000030517578,96.8499984741211,99.13999938964844,2907700.0
2019-06-28 00:00:00.000000,100.73999786376952,101.4499969482422,99.2300033569336,101.26000213623048,5185200.0
2019-07-01 00:00:00.000000,102.6500015258789,102.87999725341795,99.81999969482422,100.88999938964844,3447500.0
2019-07-02 00:00:00.000000,101.76000213623048,103.58999633789062,100.79000091552734,102.72000122070312,3934200.0
2019-07-03 00:00:00.000000,103.0,103.19000244140624,97.58999633789062,98.11000061035156,4659700.0
2019-07-05 00:00:00.000000,97.7699966430664,97.83000183105467,91.3499984741211,93.5999984741211,11794100.0
2019-07-08 00:00:00.000000,93.44000244140624,93.62999725341795,91.41999816894533,93.44000244140624,4512600.0
2019-07-09 00:00:00.000000,92.5,92.6999969482422,90.54000091552734,92.0500030517578,4747000.0
2019-07-10 00:00:00.000000,92.16000366210938,94.13999938964844,91.63999938964844,93.95999908447266,4561600.0
2019-07-11 00:00:00.000000,93.79000091552734,94.8499984741211,92.56999969482422,93.48999786376952,3320700.0
2019-07-12 00:00:00.000000,93.68000030517578,93.97000122070312,92.3499984741211,92.81999969482422,2657600.0
2019-07-15 00:00:00.000000,92.75,93.01000213623048,91.83000183105467,92.22000122070312,2816900.0
2019-07-16 00:00:00.000000,92.30999755859376,92.41000366210938,88.43000030517578,89.55000305175781,6090200.0
2019-07-17 00:00:00.000000,89.75,90.8499984741211,89.30999755859375,89.69999694824219,3097400.0
2019-07-18 00:00:00.000000,88.9000015258789,89.47000122070312,88.0199966430664,89.19000244140625,4105700.0
2019-07-19 00:00:00.000000,89.3499984741211,89.41000366210938,87.47000122070312,87.5,3676400.0
2019-07-22 00:00:00.000000,88.0199966430664,89.12999725341797,87.51000213623047,88.13999938964844,3200000.0
2019-07-23 00:00:00.000000,88.87999725341797,89.13999938964844,87.70999908447266,88.22000122070312,2428900.0
2019-07-24 00:00:00.000000,88.04000091552734,89.94000244140625,88.0,89.77999877929688,2137100.0
2019-07-25 00:00:00.000000,88.44999694824219,89.7699966430664,87.87999725341797,89.16000366210938,2891200.0
2019-07-26 00:00:00.000000,89.5,90.48999786376952,89.27999877929688,89.51000213623047,2281400.0
2019-07-29 00:00:00.000000,89.41000366210938,89.79000091552734,86.94999694824219,88.87000274658203,5162900.0
2019-07-30 00:00:00.000000,87.93000030517578,89.01000213623047,86.23999786376953,88.56999969482422,5666000.0
2019-07-31 00:00:00.000000,94.0,96.54000091552734,91.04000091552734,92.5,11152800.0
2019-08-01 00:00:00.000000,93.25,97.06999969482422,93.08000183105467,94.5999984741211,5870300.0
2019-08-02 00:00:00.000000,94.75,95.37000274658205,91.83000183105467,92.88999938964844,2764900.0
2019-08-05 00:00:00.000000,90.30999755859376,91.76000213623048,88.22000122070312,88.58999633789062,5117100.0
2019-08-06 00:00:00.000000,90.80999755859376,91.55999755859376,89.62000274658203,90.0999984741211,3604500.0
2019-08-07 00:00:00.000000,89.12000274658203,92.3499984741211,88.69999694824219,92.2699966430664,4498100.0
2019-08-08 00:00:00.000000,92.9499969482422,95.29000091552734,92.4800033569336,95.2300033569336,3849300.0
2019-08-09 00:00:00.000000,94.37000274658205,94.87000274658205,91.4000015258789,91.97000122070312,3496700.0
2019-08-12 00:00:00.000000,91.5,92.55999755859376,91.04000091552734,91.7699966430664,1845800.0
2019-08-13 00:00:00.000000,91.95999908447266,93.55999755859376,91.25,92.33999633789062,2414600.0
2019-08-14 00:00:00.000000,90.41000366210938,90.75,87.5,88.0999984741211,5458800.0
2019-08-15 00:00:00.000000,88.94999694824219,88.94999694824219,87.2300033569336,87.87999725341797,2821100.0
2019-08-16 00:00:00.000000,88.55999755859375,90.37999725341795,88.06999969482422,89.55999755859375,2814900.0
2019-08-19 00:00:00.000000,91.23999786376952,91.6999969482422,90.12000274658205,90.91000366210938,2511800.0
2019-08-20 00:00:00.000000,90.58000183105467,93.56999969482422,90.27999877929688,92.6999969482422,4328000.0
2019-08-21 00:00:00.000000,93.5500030517578,94.9800033569336,92.62000274658205,94.04000091552734,3007200.0
2019-08-22 00:00:00.000000,94.44000244140624,94.9499969482422,92.72000122070312,94.62000274658205,2718400.0
2019-08-23 00:00:00.000000,94.58999633789062,95.7300033569336,92.62000274658205,92.91000366210938,4213300.0
2019-08-26 00:00:00.000000,93.7699966430664,94.52999877929688,93.25,94.37999725341795,2919400.0
2019-08-27 00:00:00.000000,94.75,96.3000030517578,94.05999755859376,94.05999755859376,3773100.0
2019-08-28 00:00:00.000000,93.7699966430664,94.04000091552734,91.56999969482422,92.4000015258789,3710100.0
2019-08-29 00:00:00.000000,93.29000091552734,93.7300033569336,92.58999633789062,93.02999877929688,2601200.0
2019-08-30 00:00:00.000000,93.52999877929688,94.20999908447266,92.9800033569336,93.68000030517578,1704300.0
2019-09-03 00:00:00.000000,92.7300033569336,95.16999816894533,92.6500015258789,94.83000183105467,3263400.0
2019-09-04 00:00:00.000000,95.23999786376952,98.12000274658205,94.76000213623048,97.9499969482422,3434700.0
2019-09-05 00:00:00.000000,98.6999969482422,99.4800033569336,96.55999755859376,97.4499969482422,3020400.0
2019-09-06 00:00:00.000000,98.02999877929688,99.81999969482422,97.6500015258789,98.52999877929688,2886000.0
2019-09-09 00:00:00.000000,99.01000213623048,99.87999725341795,97.44000244140624,98.68000030517578,3115800.0
2019-09-10 00:00:00.000000,98.4499969482422,101.2300033569336,97.7699966430664,99.5,4010500.0
2019-09-11 00:00:00.000000,100.02999877929688,100.6500015258789,98.76000213623048,99.11000061035156,2409300.0
2019-09-12 00:00:00.000000,99.88999938964844,101.77999877929688,98.0500030517578,98.33999633789062,4123000.0
2019-09-13 00:00:00.000000,98.56999969482422,99.3499984741211,98.16000366210938,98.4800033569336,1719400.0
2019-09-16 00:00:00.000000,98.02999877929688,99.23999786376952,97.5199966430664,99.12000274658205,1820400.0
2019-09-17 00:00:00.000000,99.4800033569336,99.5500030517578,97.54000091552734,98.41999816894533,1815400.0
2019-09-18 00:00:00.000000,97.7300033569336,98.33999633789062,96.52999877929688,98.27999877929688,1815800.0
2019-09-19 00:00:00.000000,98.27999877929688,99.9000015258789,98.27999877929688,99.69000244140624,2546900.0
2019-09-20 00:00:00.000000,100.1999969482422,100.5199966430664,98.2699966430664,98.6999969482422,3494900.0
2019-09-23 00:00:00.000000,98.2300033569336,99.41000366210938,97.86000061035156,98.18000030517578,2067400.0
2019-09-24 00:00:00.000000,98.08000183105467,98.37999725341795,96.7300033569336,97.36000061035156,2855200.0
2019-09-25 00:00:00.000000,97.0999984741211,97.81999969482422,95.83000183105467,97.62999725341795,1964500.0
2019-09-26 00:00:00.000000,97.61000061035156,97.97000122070312,95.66000366210938,96.62000274658205,1954200.0
2019-09-27 00:00:00.000000,97.0199966430664,97.75,95.0500030517578,95.66999816894533,1967900.0
2019-09-30 00:00:00.000000,95.8499984741211,97.98999786376952,95.68000030517578,97.81999969482422,2522000.0
2019-10-01 00:00:00.000000,97.80999755859376,98.0,95.12999725341795,96.75,3717900.0
2019-10-02 00:00:00.000000,96.0,96.0,92.44000244140624,94.25,4097200.0
2019-10-03 00:00:00.000000,93.52999877929688,95.02999877929688,92.87999725341795,94.33999633789062,3855600.0
2019-10-04 00:00:00.000000,94.33999633789062,95.7699966430664,94.33999633789062,95.61000061035156,2221100.0
2019-10-07 00:00:00.000000,95.12000274658205,95.81999969482422,93.31999969482422,93.56999969482422,2923200.0
2019-10-08 00:00:00.000000,93.02999877929688,93.83000183105467,92.16000366210938,92.54000091552734,2803400.0
2019-10-09 00:00:00.000000,93.0199966430664,94.5,92.8000030517578,92.87999725341795,1584400.0
2019-10-10 00:00:00.000000,92.66000366210938,93.55999755859376,92.20999908447266,92.52999877929688,1963000.0
2019-10-11 00:00:00.000000,93.93000030517578,95.87000274658205,93.75,94.19000244140624,3131700.0
2019-10-14 00:00:00.000000,94.0,94.66000366210938,92.70999908447266,93.87999725341795,2369000.0
2019-10-15 00:00:00.000000,94.13999938964844,95.27999877929688,93.22000122070312,95.1500015258789,2124900.0
2019-10-16 00:00:00.000000,94.41000366210938,96.36000061035156,94.4000015258789,96.22000122070312,2981100.0
2019-10-17 00:00:00.000000,96.70999908447266,98.0,96.5199966430664,96.76000213623048,2421100.0
2019-10-18 00:00:00.000000,96.0500030517578,96.0999984741211,94.0500030517578,95.12999725341795,3151100.0
2019-10-21 00:00:00.000000,95.4800033569336,96.83000183105467,95.0,95.80999755859376,1982700.0
2019-10-22 00:00:00.000000,94.16999816894533,95.7699966430664,93.20999908447266,94.3000030517578,3364200.0
2019-10-23 00:00:00.000000,94.43000030517578,96.25,94.36000061035156,95.70999908447266,2132300.0
2019-10-24 00:00:00.000000,96.16000366210938,96.97000122070312,95.16999816894533,95.9800033569336,3237900.0
2019-10-25 00:00:00.000000,95.54000091552734,96.3499984741211,94.61000061035156,96.30999755859376,2070100.0
2019-10-28 00:00:00.000000,97.0,97.9000015258789,96.1999969482422,96.72000122070312,3615700.0
2019-10-29 00:00:00.000000,96.72000122070312,97.5199966430664,94.37000274658205,94.41000366210938,7032500.0
2019-10-30 00:00:00.000000,94.25,96.83999633789062,92.55999755859376,96.72000122070312,7143500.0
2019-10-31 00:00:00.000000,96.62000274658205,96.72000122070312,94.87000274658205,96.4000015258789,3263400.0
2019-11-01 00:00:00.000000,97.12000274658205,97.12000274658205,95.08000183105467,95.3000030517578,3369700.0
2019-11-04 00:00:00.000000,96.3499984741211,98.52999877929688,95.5999984741211,98.1500015258789,3841000.0
2019-11-05 00:00:00.000000,98.12999725341795,98.98999786376952,96.62999725341795,98.26000213623048,2719900.0
2019-11-06 00:00:00.000000,98.68000030517578,99.18000030517578,97.97000122070312,98.66999816894533,2448100.0
2019-11-07 00:00:00.000000,99.29000091552734,99.29000091552734,97.0199966430664,97.2300033569336,2156400.0
2019-11-08 00:00:00.000000,96.91000366210938,98.5,96.31999969482422,98.2699966430664,2306600.0
2019-11-11 00:00:00.000000,97.5500030517578,98.9000015258789,96.30999755859376,96.38999938964844,2159800.0
2019-11-12 00:00:00.000000,96.41000366210938,96.83000183105467,95.25,96.33000183105467,3684300.0
2019-11-13 00:00:00.000000,96.62000274658205,96.97000122070312,95.54000091552734,96.0,2860000.0
2019-11-14 00:00:00.000000,96.1999969482422,98.4800033569336,96.12000274658205,97.54000091552734,3300700.0
2019-11-15 00:00:00.000000,98.8499984741211,99.38999938964844,97.37000274658205,97.54000091552734,3315500.0
2019-11-18 00:00:00.000000,97.43000030517578,98.0999984741211,96.6999969482422,97.38999938964844,2646600.0
2019-11-19 00:00:00.000000,97.20999908447266,97.87000274658205,96.31999969482422,96.69000244140624,3415400.0
2019-11-20 00:00:00.000000,96.12000274658205,98.91000366210938,96.12000274658205,98.12000274658205,3035700.0
2019-11-21 00:00:00.000000,98.25,99.2300033569336,98.20999908447266,99.01000213623048,2817300.0
2019-11-22 00:00:00.000000,99.66000366210938,99.93000030517578,98.31999969482422,99.19000244140624,2690200.0
2019-11-25 00:00:00.000000,99.27999877929688,101.23999786376952,99.27999877929688,99.8000030517578,2812400.0
2019-11-26 00:00:00.000000,99.87000274658205,100.13999938964844,98.70999908447266,99.27999877929688,2827300.0
2019-11-27 00:00:00.000000,100.08999633789062,100.97000122070312,98.75,100.79000091552734,1862700.0
2019-11-29 00:00:00.000000,100.02999877929688,102.0,100.0199966430664,101.01000213623048,1271600.0
2019-12-02 00:00:00.000000,101.41999816894533,101.5999984741211,99.56999969482422,100.4000015258789,2723600.0
2019-12-03 00:00:00.000000,99.54000091552734,101.47000122070312,99.0999984741211,101.2699966430664,2609900.0
2019-12-04 00:00:00.000000,101.7699966430664,102.38999938964844,100.41999816894533,100.62999725341795,2735200.0
2019-12-05 00:00:00.000000,101.4499969482422,102.2699966430664,100.36000061035156,102.12000274658205,2261600.0
2019-12-06 00:00:00.000000,102.88999938964844,103.3000030517578,102.3499984741211,103.2300033569336,2564100.0
2019-12-09 00:00:00.000000,103.33999633789062,103.5,101.93000030517578,102.02999877929688,1992800.0
2019-12-10 00:00:00.000000,101.83999633789062,102.5,101.29000091552734,101.83999633789062,2006000.0
2019-12-11 00:00:00.000000,101.87000274658205,103.51000213623048,101.81999969482422,103.1999969482422,2096800.0
2019-12-12 00:00:00.000000,103.54000091552734,105.16999816894533,103.19000244140624,105.08999633789062,2518500.0
2019-12-13 00:00:00.000000,105.33999633789062,105.83999633789062,103.80999755859376,104.5500030517578,2451600.0
2019-12-16 00:00:00.000000,105.01000213623048,105.91999816894533,104.81999969482422,105.72000122070312,1849000.0
2019-12-17 00:00:00.000000,105.86000061035156,106.2300033569336,105.12000274658205,105.75,1374300.0
2019-12-18 00:00:00.000000,106.0,107.25,105.63999938964844,107.08000183105467,1573400.0
2019-12-19 00:00:00.000000,107.0,107.87999725341795,106.63999938964844,107.33999633789062,1541800.0
2019-12-20 00:00:00.000000,108.0199966430664,108.4499969482422,107.05999755859376,107.9499969482422,3320200.0
2019-12-23 00:00:00.000000,108.2699966430664,108.91999816894533,107.66999816894533,107.79000091552734,1622600.0
2019-12-24 00:00:00.000000,107.77999877929688,108.87000274658205,107.7300033569336,108.5500030517578,606100.0
2019-12-26 00:00:00.000000,108.55999755859376,108.88999938964844,108.11000061035156,108.51000213623048,1676500.0
2019-12-27 00:00:00.000000,108.5999984741211,108.88999938964844,107.8000030517578,108.43000030517578,1163400.0
2019-12-30 00:00:00.000000,108.11000061035156,108.37000274658205,106.76000213623048,106.93000030517578,1758400.0
2019-12-31 00:00:00.000000,106.58000183105467,107.5199966430664,106.43000030517578,107.51000213623048,1436200.0
2020-01-02 00:00:00.000000,107.94000244140624,108.3499984741211,106.76000213623048,107.33999633789062,1901000.0
2020-01-03 00:00:00.000000,105.58000183105467,107.75,105.12000274658205,107.1999969482422,1840300.0
2020-01-06 00:00:00.000000,106.9499969482422,109.30999755859376,106.62999725341795,108.77999877929688,2934200.0
2020-01-07 00:00:00.000000,109.0,109.25,107.7300033569336,108.38999938964844,1692400.0
2020-01-08 00:00:00.000000,108.18000030517578,110.0,107.77999877929688,109.48999786376952,2651600.0
2020-01-09 00:00:00.000000,110.0,110.33999633789062,108.2699966430664,109.36000061035156,1818600.0
2020-01-10 00:00:00.000000,109.1999969482422,109.2699966430664,108.1999969482422,108.58999633789062,1756000.0
2020-01-13 00:00:00.000000,109.0500030517578,110.06999969482422,108.62000274658205,109.81999969482422,1857400.0
2020-01-14 00:00:00.000000,109.66000366210938,110.16999816894533,108.70999908447266,109.58000183105467,1723400.0
2020-01-15 00:00:00.000000,109.79000091552734,110.4499969482422,109.13999938964844,109.61000061035156,1479100.0
2020-01-16 00:00:00.000000,110.0,111.29000091552734,109.9499969482422,111.26000213623048,2108300.0
2020-01-17 00:00:00.000000,112.37000274658205,112.98999786376952,111.5500030517578,112.93000030517578,3053300.0
2020-01-21 00:00:00.000000,112.5500030517578,112.97000122070312,111.7699966430664,112.41000366210938,2165000.0
2020-01-22 00:00:00.000000,112.7699966430664,114.04000091552734,112.68000030517578,113.08999633789062,2423100.0
2020-01-23 00:00:00.000000,112.91999816894533,113.7300033569336,112.0,113.4800033569336,1564900.0
2020-01-24 00:00:00.000000,114.0199966430664,114.12999725341795,111.62999725341795,112.33000183105467,2304000.0
2020-01-27 00:00:00.000000,110.23999786376952,111.19000244140624,109.9499969482422,110.55999755859376,2175500.0
2020-01-28 00:00:00.000000,111.29000091552734,112.87999725341795,111.05999755859376,111.9000015258789,2961900.0
2020-01-29 00:00:00.000000,112.51000213623048,112.95999908447266,111.23999786376952,112.20999908447266,2463900.0
2020-01-30 00:00:00.000000,111.43000030517578,111.88999938964844,110.30999755859376,111.63999938964844,3838500.0
2020-01-31 00:00:00.000000,110.75,110.75,105.5,107.91999816894533,6995800.0
2020-02-03 00:00:00.000000,107.93000030517578,109.4499969482422,104.4000015258789,105.04000091552734,4155500.0
2020-02-04 00:00:00.000000,106.44000244140624,107.41999816894533,105.33000183105467,107.06999969482422,4190500.0
2020-02-05 00:00:00.000000,108.62000274658205,108.95999908447266,107.12000274658205,107.81999969482422,2895700.0
2020-02-06 00:00:00.000000,108.8000030517578,110.3499984741211,108.41000366210938,110.0,2500600.0
2020-02-07 00:00:00.000000,109.16999816894533,110.95999908447266,108.73999786376952,109.08999633789062,2231300.0
2020-02-10 00:00:00.000000,109.0199966430664,109.76000213623048,108.2300033569336,108.6999969482422,2170800.0
2020-02-11 00:00:00.000000,108.9499969482422,109.2300033569336,107.94000244140624,109.04000091552734,1195300.0
2020-02-12 00:00:00.000000,109.66999816894533,109.9800033569336,108.58999633789062,109.72000122070312,1567200.0
2020-02-13 00:00:00.000000,109.1500015258789,109.33999633789062,107.97000122070312,108.83999633789062,1627000.0
2020-02-14 00:00:00.000000,108.9000015258789,109.88999938964844,108.75,109.69000244140624,1227500.0
2020-02-18 00:00:00.000000,109.08999633789062,109.83000183105467,108.6999969482422,109.45999908447266,2171400.0
2020-02-19 00:00:00.000000,110.0999984741211,110.9000015258789,109.4000015258789,109.77999877929688,1540000.0
2020-02-20 00:00:00.000000,108.72000122070312,109.37000274658205,107.4499969482422,109.1999969482422,4034000.0
2020-02-21 00:00:00.000000,108.48999786376952,108.94000244140624,106.8000030517578,108.01000213623048,2546900.0
2020-02-24 00:00:00.000000,105.0500030517578,107.93000030517578,105.0199966430664,107.02999877929688,2817100.0
2020-02-25 00:00:00.000000,107.72000122070312,109.22000122070312,105.23999786376952,105.37999725341795,3651300.0
2020-02-26 00:00:00.000000,106.36000061035156,108.26000213623048,105.5999984741211,106.54000091552734,2858000.0
2020-02-27 00:00:00.000000,104.3499984741211,106.4000015258789,102.72000122070312,102.73999786376952,4906200.0
2020-02-28 00:00:00.000000,100.29000091552734,101.88999938964844,98.58999633789062,101.37000274658205,6853700.0
2020-03-02 00:00:00.000000,101.91999816894533,106.93000030517578,101.70999908447266,106.88999938964844,4291500.0
2020-03-03 00:00:00.000000,106.7300033569336,109.70999908447266,105.37999725341795,106.6999969482422,3984800.0
2020-03-04 00:00:00.000000,108.29000091552734,111.94000244140624,108.05999755859376,111.83000183105467,4289700.0
2020-03-05 00:00:00.000000,109.48999786376952,111.93000030517578,109.11000061035156,110.20999908447266,3029900.0
2020-03-06 00:00:00.000000,106.4499969482422,108.76000213623048,105.0,107.66999816894533,3886200.0
2020-03-09 00:00:00.000000,101.56999969482422,104.18000030517578,99.91000366210938,100.93000030517578,4784300.0
2020-03-10 00:00:00.000000,101.4000015258789,103.56999969482422,96.6500015258789,103.37999725341795,6525600.0
2020-03-11 00:00:00.000000,101.61000061035156,102.16999816894533,98.33000183105467,101.18000030517578,4906000.0
2020-03-12 00:00:00.000000,94.79000091552734,99.41999816894533,92.5500030517578,93.3499984741211,6288700.0
2020-03-13 00:00:00.000000,98.73999786376952,99.61000061035156,92.75,97.05999755859376,5842000.0
2020-03-16 00:00:00.000000,89.19000244140625,96.12000274658205,85.69000244140625,88.66999816894531,6196600.0
2020-03-17 00:00:00.000000,91.5999984741211,98.1999969482422,87.11000061035156,95.41000366210938,6370100.0
2020-03-18 00:00:00.000000,91.5,97.69000244140624,85.91999816894531,90.20999908447266,7073400.0
2020-03-19 00:00:00.000000,90.9499969482422,93.9800033569336,86.0,90.05999755859375,6549700.0
2020-03-20 00:00:00.000000,92.23999786376952,94.37000274658205,86.75,86.94000244140625,6174400.0
2020-03-23 00:00:00.000000,89.7300033569336,97.72000122070312,88.43000030517578,95.47000122070312,8149000.0
2020-03-24 00:00:00.000000,100.0,103.0999984741211,90.80999755859376,94.3000030517578,5765200.0
2020-03-25 00:00:00.000000,93.52999877929688,94.1500015258789,89.45999908447266,89.63999938964844,5005600.0
2020-03-26 00:00:00.000000,90.47000122070312,99.56999969482422,90.08000183105467,99.1999969482422,5750300.0
2020-03-27 00:00:00.000000,96.52999877929688,99.68000030517578,94.62999725341795,95.37000274658205,4519800.0
2020-03-30 00:00:00.000000,96.7699966430664,99.29000091552734,96.16999816894533,97.69000244140624,3352700.0
2020-03-31 00:00:00.000000,97.79000091552734,101.0,96.62000274658205,100.16999816894533,3762300.0
2020-04-01 00:00:00.000000,98.37999725341795,99.83999633789062,96.6999969482422,97.52999877929688,4056500.0
2020-04-02 00:00:00.000000,98.0999984741211,102.81999969482422,97.5,102.29000091552734,3793000.0
2020-04-03 00:00:00.000000,102.80999755859376,104.3499984741211,100.79000091552734,102.83000183105467,4084300.0
2020-04-06 00:00:00.000000,105.38999938964844,107.5,104.5500030517578,106.51000213623048,4280200.0
2020-04-07 00:00:00.000000,107.12999725341795,107.45999908447266,100.11000061035156,106.31999969482422,5496100.0
2020-04-08 00:00:00.000000,106.9499969482422,108.23999786376952,105.25,106.8000030517578,3199600.0
2020-04-09 00:00:00.000000,106.0,109.37999725341795,105.05999755859376,105.8000030517578,3717200.0
2020-04-13 00:00:00.000000,105.6500015258789,109.77999877929688,104.6500015258789,109.3000030517578,2680800.0
2020-04-14 00:00:00.000000,111.8000030517578,113.0199966430664,110.0,112.02999877929688,2622800.0
2020-04-15 00:00:00.000000,110.73999786376952,114.47000122070312,110.20999908447266,113.51000213623048,3100000.0
2020-04-16 00:00:00.000000,114.75,118.69000244140624,114.52999877929688,118.0999984741211,4020600.0
2020-04-17 00:00:00.000000,116.70999908447266,117.0,112.6500015258789,115.1500015258789,5032100.0
2020-04-20 00:00:00.000000,114.83999633789062,116.52999877929688,113.91999816894533,115.41000366210938,2946100.0
2020-04-21 00:00:00.000000,114.68000030517578,116.1999969482422,112.11000061035156,113.2699966430664,2483200.0
2020-04-22 00:00:00.000000,114.36000061035156,115.06999969482422,111.18000030517578,114.56999969482422,2558900.0
2020-04-23 00:00:00.000000,114.6999969482422,116.62999725341795,113.69000244140624,114.45999908447266,2737700.0
2020-04-24 00:00:00.000000,115.66999816894533,116.68000030517578,114.08999633789062,116.30999755859376,1753800.0
2020-04-27 00:00:00.000000,117.97000122070312,118.47000122070312,115.12999725341795,116.0199966430664,2352000.0
2020-04-28 00:00:00.000000,116.0,116.48999786376952,110.91999816894533,111.3499984741211,4647900.0
2020-04-29 00:00:00.000000,111.87000274658205,114.4499969482422,110.86000061035156,112.77999877929688,3911900.0
2020-04-30 00:00:00.000000,112.4800033569336,114.48999786376952,112.4000015258789,114.26000213623048,3506700.0
2020-05-01 00:00:00.000000,113.12999725341795,114.36000061035156,112.05999755859376,113.2699966430664,2378600.0
2020-05-04 00:00:00.000000,113.91000366210938,117.55999755859376,113.6500015258789,116.83000183105467,3284800.0
2020-05-05 00:00:00.000000,118.31999969482422,120.19000244140624,116.3000030517578,119.61000061035156,5060600.0
2020-05-06 00:00:00.000000,115.0,117.16000366210938,111.83000183105467,115.31999969482422,6082900.0
2020-05-07 00:00:00.000000,116.2699966430664,116.94000244140624,114.7300033569336,116.8000030517578,3579000.0
2020-05-08 00:00:00.000000,116.25,117.5199966430664,115.58000183105467,116.62000274658205,3597800.0
2020-05-11 00:00:00.000000,116.93000030517578,118.5,116.3499984741211,117.37000274658205,2899100.0
2020-05-12 00:00:00.000000,117.68000030517578,119.5199966430664,116.29000091552734,116.37000274658205,2875700.0
2020-05-13 00:00:00.000000,117.06999969482422,119.16000366210938,114.5199966430664,116.9000015258789,3079200.0
2020-05-14 00:00:00.000000,116.5,117.26000213623048,114.45999908447266,117.12000274658205,2802800.0
2020-05-15 00:00:00.000000,116.22000122070312,118.9000015258789,116.11000061035156,118.12999725341795,3268100.0
2020-05-18 00:00:00.000000,116.70999908447266,117.91999816894533,114.7300033569336,117.12000274658205,4335100.0
2020-05-19 00:00:00.000000,116.7699966430664,119.37000274658205,116.72000122070312,118.54000091552734,2517900.0
2020-05-20 00:00:00.000000,119.0999984741211,121.76000213623048,119.05999755859376,119.5500030517578,3530400.0
2020-05-21 00:00:00.000000,119.87999725341795,119.87999725341795,117.1999969482422,117.36000061035156,2257100.0
2020-05-22 00:00:00.000000,117.22000122070312,120.01000213623048,116.62000274658205,119.81999969482422,2287300.0
2020-05-26 00:00:00.000000,120.44000244140624,120.4800033569336,116.19000244140624,116.63999938964844,3260800.0
2020-05-27 00:00:00.000000,115.06999969482422,117.76000213623048,111.11000061035156,117.37999725341795,4978700.0
2020-05-28 00:00:00.000000,117.98999786376952,122.0999984741211,116.7699966430664,121.3499984741211,4752400.0
2020-05-29 00:00:00.000000,122.29000091552734,123.13999938964844,119.2699966430664,122.87999725341795,4571900.0
2020-06-01 00:00:00.000000,123.27999877929688,124.27999877929688,122.37000274658205,122.77999877929688,2036400.0
2020-06-02 00:00:00.000000,123.25,123.52999877929688,120.68000030517578,122.36000061035156,2357800.0
2020-06-03 00:00:00.000000,122.1500015258789,122.1500015258789,117.19000244140624,117.93000030517578,3813000.0
2020-06-04 00:00:00.000000,117.4800033569336,119.11000061035156,116.0500030517578,117.18000030517578,2905300.0
2020-06-05 00:00:00.000000,115.44000244140624,119.1999969482422,113.27999877929688,118.31999969482422,3355300.0
2020-06-08 00:00:00.000000,116.5,119.58000183105467,115.88999938964844,119.51000213623048,3500100.0
2020-06-09 00:00:00.000000,120.0999984741211,121.76000213623048,118.54000091552734,121.06999969482422,2346000.0
2020-06-10 00:00:00.000000,122.1500015258789,125.66000366210938,121.45999908447266,124.80999755859376,3956100.0
2020-06-11 00:00:00.000000,124.66000366210938,127.54000091552734,121.94000244140624,122.41999816894533,3509300.0
2020-06-12 00:00:00.000000,123.0999984741211,124.76000213623048,119.80999755859376,121.97000122070312,2525400.0
2020-06-15 00:00:00.000000,122.9000015258789,127.5,122.70999908447266,126.5199966430664,3882600.0
2020-06-16 00:00:00.000000,127.13999938964844,127.87000274658205,125.05999755859376,125.7300033569336,2513800.0
2020-06-17 00:00:00.000000,126.7300033569336,129.00999450683594,126.29000091552734,128.11000061035156,2173300.0
2020-06-18 00:00:00.000000,128.10000610351562,129.4499969482422,128.10000610351562,129.35000610351562,2461100.0
2020-06-19 00:00:00.000000,131.1300048828125,131.24000549316406,127.9000015258789,130.19000244140625,4239900.0
2020-06-22 00:00:00.000000,131.02000427246094,131.86000061035156,128.8000030517578,129.72000122070312,2869200.0
2020-06-23 00:00:00.000000,131.32000732421875,133.60000610351562,130.1999969482422,130.60000610351562,2553400.0
2020-06-24 00:00:00.000000,130.5500030517578,131.60000610351562,128.64999389648438,130.8699951171875,2208900.0
2020-06-25 00:00:00.000000,131.47999572753906,131.88999938964844,129.08999633789062,130.74000549316406,2174400.0
2020-06-26 00:00:00.000000,130.9199981689453,131.3800048828125,128.08999633789062,130.92999267578125,4905100.0
2020-06-29 00:00:00.000000,130.97999572753906,132.3699951171875,129.1999969482422,130.69000244140625,1679600.0
2020-06-30 00:00:00.000000,132.61000061035156,132.61000061035156,130.6999969482422,132.0500030517578,2177400.0
2020-07-01 00:00:00.000000,132.0399932861328,135.52000427246094,131.3300018310547,135.22000122070312,3026300.0
2020-07-02 00:00:00.000000,136.4199981689453,136.4199981689453,133.47000122070312,133.83999633789062,1893300.0
2020-07-06 00:00:00.000000,135.47000122070312,136.52000427246094,133.50999450683594,134.27000427246094,2322100.0
2020-07-07 00:00:00.000000,133.8699951171875,137.4199981689453,133.8000030517578,134.77999877929688,1895900.0
2020-07-08 00:00:00.000000,135.91000366210938,136.33999633789062,134.50999450683594,135.61000061035156,1866600.0
2020-07-09 00:00:00.000000,136.36000061035156,139.11000061035156,136.05999755859375,138.77000427246094,2312100.0
2020-07-10 00:00:00.000000,139.4199981689453,141.25,138.2899932861328,140.80999755859375,2119800.0
2020-07-13 00:00:00.000000,141.00999450683594,141.5800018310547,134.77000427246094,135.30999755859375,2570300.0
2020-07-14 00:00:00.000000,134.1999969482422,138.7899932861328,133.47999572753906,138.52999877929688,2409300.0
2020-07-15 00:00:00.000000,137.97999572753906,138.97999572753906,135.83999633789062,138.42999267578125,2050900.0
2020-07-16 00:00:00.000000,137.83999633789062,138.36000061035156,135.75,138.0500030517578,1301700.0
2020-07-17 00:00:00.000000,138.17999267578125,138.72999572753906,136.83999633789062,138.30999755859375,2040700.0
2020-07-20 00:00:00.000000,139.42999267578125,142.30999755859375,138.75,141.52999877929688,1589700.0
2020-07-21 00:00:00.000000,141.55999755859375,141.99000549316406,138.88999938964844,139.33999633789062,1481400.0
2020-07-22 00:00:00.000000,140.9499969482422,140.9499969482422,137.8699951171875,138.3000030517578,2057600.0
2020-07-23 00:00:00.000000,139.3000030517578,139.57000732421875,134.72999572753906,135.36000061035156,1896400.0
2020-07-24 00:00:00.000000,133.75,136.25999450683594,132.72000122070312,135.24000549316406,1354100.0
2020-07-27 00:00:00.000000,135.49000549316406,137.13999938964844,134.82000732421875,136.16000366210938,1819200.0
2020-07-28 00:00:00.000000,135.4199981689453,136.30999755859375,134.38999938964844,134.77999877929688,1319800.0
2020-07-29 00:00:00.000000,135.77000427246094,136.50999450683594,134.69000244140625,135.92999267578125,1532800.0
2020-07-30 00:00:00.000000,135.6999969482422,138.83999633789062,135.25,138.58999633789062,2717700.0
2020-07-31 00:00:00.000000,142.0399932861328,142.83999633789062,137.10000610351562,141.6199951171875,4301200.0
2020-08-03 00:00:00.000000,141.5500030517578,143.42999267578125,139.5500030517578,142.36000061035156,2233800.0
2020-08-04 00:00:00.000000,143.24000549316406,146.5,143.10000610351562,146.32000732421875,2680300.0
2020-08-05 00:00:00.000000,145.82000732421875,146.33999633789062,143.25999450683594,146.17999267578125,1936900.0
2020-08-06 00:00:00.000000,146.3300018310547,147.36000061035156,144.5,146.9499969482422,1671700.0
2020-08-07 00:00:00.000000,146.42999267578125,146.83999633789062,142.32000732421875,143.99000549316406,1514800.0
2020-08-10 00:00:00.000000,142.77000427246094,143.99000549316406,139.5,140.6999969482422,1378300.0
2020-08-11 00:00:00.000000,141.14999389648438,141.14999389648438,135.55999755859375,135.6999969482422,2221700.0
2020-08-12 00:00:00.000000,136.8800048828125,140.3000030517578,136.17999267578125,139.89999389648438,1714200.0
2020-08-13 00:00:00.000000,141.1199951171875,142.85000610351562,140.5800018310547,141.77000427246094,1191200.0
2020-08-14 00:00:00.000000,141.63999938964844,142.00999450683594,139.9499969482422,140.42999267578125,1904200.0
2020-08-17 00:00:00.000000,139.25,140.97000122070312,138.30999755859375,140.4499969482422,1481000.0
2020-08-18 00:00:00.000000,140.60000610351562,142.74000549316406,140.16000366210938,142.5800018310547,1413900.0
2020-08-19 00:00:00.000000,142.27999877929688,143.6199951171875,141.07000732421875,141.86000061035156,1816600.0
2020-08-20 00:00:00.000000,141.6199951171875,143.9600067138672,141.0500030517578,143.47999572753906,1268100.0
2020-08-21 00:00:00.000000,142.75999450683594,142.99000549316406,140.83999633789062,141.2100067138672,1940000.0
2020-08-24 00:00:00.000000,142.27000427246094,142.83999633789062,141.2100067138672,142.3300018310547,1842600.0
2020-08-25 00:00:00.000000,142.00999450683594,142.39999389648438,141.0,142.2100067138672,857600.0
2020-08-26 00:00:00.000000,142.05999755859375,144.5,142.05999755859375,143.6300048828125,1580500.0
2020-08-27 00:00:00.000000,143.3800048828125,143.74000549316406,139.85000610351562,141.77000427246094,1923000.0
2020-08-28 00:00:00.000000,142.33999633789062,142.33999633789062,140.00999450683594,140.8699951171875,1553800.0
2020-08-31 00:00:00.000000,141.0800018310547,141.11000061035156,138.08999633789062,139.47000122070312,2727200.0
2020-09-01 00:00:00.000000,140.74000549316406,140.74000549316406,137.0800018310547,138.2899932861328,2710100.0
2020-09-02 00:00:00.000000,138.0,140.3000030517578,136.63999938964844,139.55999755859375,2337400.0
2020-09-03 00:00:00.000000,138.24000549316406,138.24000549316406,131.22000122070312,132.82000732421875,3430500.0
2020-09-04 00:00:00.000000,131.6300048828125,132.64999389648438,126.91000366210938,130.1300048828125,2429700.0
2020-09-08 00:00:00.000000,127.45999908447266,127.5,123.33000183105467,124.3000030517578,4622600.0
2020-09-09 00:00:00.000000,126.54000091552734,129.52000427246094,124.88999938964844,128.6999969482422,2776500.0
2020-09-10 00:00:00.000000,129.8800048828125,131.1300048828125,126.33999633789062,127.26000213623048,2460000.0
2020-09-11 00:00:00.000000,127.98999786376952,128.38999938964844,124.4000015258789,126.0199966430664,1746600.0
2020-09-14 00:00:00.000000,127.93000030517578,128.00999450683594,125.93000030517578,126.18000030517578,1376900.0
2020-09-15 00:00:00.000000,127.98999786376952,129.86000061035156,127.5,128.3300018310547,2129600.0
2020-09-16 00:00:00.000000,128.99000549316406,129.52000427246094,126.47000122070312,126.73999786376952,1832200.0
2020-09-17 00:00:00.000000,124.22000122070312,126.54000091552734,123.54000091552734,125.26000213623048,2151800.0
2020-09-18 00:00:00.000000,125.48999786376952,126.6999969482422,123.37000274658205,125.9000015258789,3402700.0
2020-09-21 00:00:00.000000,124.33000183105467,128.47000122070312,124.1500015258789,128.2899932861328,2017400.0
2020-09-22 00:00:00.000000,129.83999633789062,131.22000122070312,128.4600067138672,131.02000427246094,2081900.0
2020-09-23 00:00:00.000000,131.57000732421875,132.32000732421875,127.94000244140624,128.4199981689453,2444400.0
2020-09-24 00:00:00.000000,128.2100067138672,130.30999755859375,128.08999633789062,129.32000732421875,2001500.0
2020-09-25 00:00:00.000000,129.50999450683594,132.00999450683594,128.69000244140625,131.19000244140625,1915600.0
2020-09-28 00:00:00.000000,133.36000061035156,133.85000610351562,130.8699951171875,132.27999877929688,1796500.0
2020-09-29 00:00:00.000000,132.05999755859375,132.42999267578125,129.5,130.02000427246094,1793500.0
2020-09-30 00:00:00.000000,129.72999572753906,131.99000549316406,129.4499969482422,130.41000366210938,2164200.0
2020-10-01 00:00:00.000000,132.07000732421875,134.05999755859375,131.4600067138672,132.77999877929688,1868800.0
2020-10-02 00:00:00.000000,131.3699951171875,132.24000549316406,127.70999908447266,129.07000732421875,1751200.0
2020-10-05 00:00:00.000000,130.08999633789062,132.9499969482422,129.07000732421875,130.72000122070312,1270100.0
2020-10-06 00:00:00.000000,130.36000061035156,130.39999389648438,124.5199966430664,124.83999633789062,3753700.0
2020-10-07 00:00:00.000000,126.41000366210938,126.5,123.97000122070312,125.01000213623048,3257500.0
2020-10-08 00:00:00.000000,126.0999984741211,126.37999725341795,124.41999816894533,125.98999786376952,1959600.0
2020-10-09 00:00:00.000000,126.86000061035156,128.44000244140625,125.91999816894533,127.4499969482422,1991700.0
2020-10-12 00:00:00.000000,128.97999572753906,132.07000732421875,127.83000183105467,130.8800048828125,2106600.0
2020-10-13 00:00:00.000000,131.8699951171875,133.5399932861328,130.16000366210938,132.94000244140625,2117300.0
2020-10-14 00:00:00.000000,133.7899932861328,133.86000061035156,131.74000549316406,132.75,2520500.0
2020-10-15 00:00:00.000000,131.07000732421875,132.41000366210938,129.8800048828125,131.33999633789062,1900100.0
2020-10-16 00:00:00.000000,132.5,133.25999450683594,131.0500030517578,131.9199981689453,1925000.0
2020-10-19 00:00:00.000000,133.13999938964844,133.88999938964844,129.50999450683594,129.8699951171875,1454300.0
2020-10-20 00:00:00.000000,130.4199981689453,130.60000610351562,127.08999633789062,127.36000061035156,2249200.0
2020-10-21 00:00:00.000000,127.9800033569336,129.4499969482422,127.3000030517578,127.6500015258789,2200800.0
2020-10-22 00:00:00.000000,127.77999877929688,128.00999450683594,125.4000015258789,126.91999816894533,1791800.0
2020-10-23 00:00:00.000000,127.23999786376952,127.6500015258789,125.52999877929688,126.7699966430664,1215200.0
2020-10-26 00:00:00.000000,126.41000366210938,127.5,125.02999877929688,126.68000030517578,2166000.0
2020-10-27 00:00:00.000000,127.36000061035156,127.58000183105467,126.0999984741211,126.62000274658205,1452800.0
2020-10-28 00:00:00.000000,125.62000274658205,127.06999969482422,124.80999755859376,125.5999984741211,2079600.0
2020-10-29 00:00:00.000000,125.79000091552734,126.16999816894533,122.7699966430664,123.9000015258789,2633500.0
2020-10-30 00:00:00.000000,122.98999786376952,124.08999633789062,118.5199966430664,119.83000183105467,3312900.0
2020-11-02 00:00:00.000000,120.94000244140624,121.05999755859376,117.79000091552734,119.80999755859376,2650000.0
2020-11-03 00:00:00.000000,120.75,121.45999908447266,119.4000015258789,120.73999786376952,2022200.0
2020-11-04 00:00:00.000000,124.87999725341795,126.9800033569336,123.72000122070312,125.30999755859376,2594800.0
2020-11-05 00:00:00.000000,128.8800048828125,128.8800048828125,126.27999877929688,128.3300018310547,3291700.0
2020-11-06 00:00:00.000000,119.5,120.6999969482422,114.52999877929688,119.19000244140624,12151100.0
2020-11-09 00:00:00.000000,116.45999908447266,121.3000030517578,110.1500015258789,116.97000122070312,7097200.0
2020-11-10 00:00:00.000000,116.98999786376952,120.52999877929688,114.77999877929688,118.93000030517578,4454200.0
2020-11-11 00:00:00.000000,120.3000030517578,120.63999938964844,117.58999633789062,119.77999877929688,3572900.0
2020-11-12 00:00:00.000000,120.93000030517578,122.31999969482422,118.97000122070312,119.31999969482422,2339800.0
2020-11-13 00:00:00.000000,120.22000122070312,121.45999908447266,119.37000274658205,120.8000030517578,2110900.0
2020-11-16 00:00:00.000000,119.25,120.70999908447266,117.5500030517578,118.5999984741211,3069300.0
2020-11-17 00:00:00.000000,119.33000183105467,120.6500015258789,118.0500030517578,118.5199966430664,2954200.0
2020-11-18 00:00:00.000000,118.33999633789062,118.58000183105467,116.6500015258789,116.83999633789062,2509200.0
2020-11-19 00:00:00.000000,116.73999786376952,121.5199966430664,116.41000366210938,120.13999938964844,2839200.0
2020-11-20 00:00:00.000000,119.52999877929688,123.0,119.0999984741211,121.87000274658205,3186800.0
2020-11-23 00:00:00.000000,122.02999877929688,123.38999938964844,120.44000244140624,121.86000061035156,2085800.0
2020-11-24 00:00:00.000000,121.48999786376952,121.97000122070312,119.73999786376952,120.25,3471800.0
2020-11-25 00:00:00.000000,120.80999755859376,123.55999755859376,120.5999984741211,121.51000213623048,2850900.0
2020-11-27 00:00:00.000000,123.58000183105467,125.0,122.41000366210938,124.16999816894533,2489400.0
2020-11-30 00:00:00.000000,124.7699966430664,128.39999389648438,123.2699966430664,127.75,10085200.0
2020-12-01 00:00:00.000000,127.58000183105467,128.0,125.66000366210938,127.23999786376952,2826200.0
2020-12-02 00:00:00.000000,127.02999877929688,129.75,126.4800033569336,129.5399932861328,1905700.0
2020-12-03 00:00:00.000000,130.5,130.8699951171875,128.17999267578125,128.3800048828125,2352200.0
2020-12-04 00:00:00.000000,126.41999816894533,129.14999389648438,126.25,128.69000244140625,2743100.0
2020-12-07 00:00:00.000000,129.19000244140625,130.97999572753906,128.8800048828125,130.83999633789062,2671200.0
2020-12-08 00:00:00.000000,130.42999267578125,132.5399932861328,129.72000122070312,132.14999389648438,2835800.0
2020-12-09 00:00:00.000000,131.55999755859375,133.6300048828125,130.83999633789062,133.1699981689453,4229400.0
2020-12-10 00:00:00.000000,131.66000366210938,135.3699951171875,131.25,134.67999267578125,2903800.0
2020-12-11 00:00:00.000000,134.77999877929688,137.11000061035156,134.6300048828125,135.8000030517578,3195700.0
2020-12-14 00:00:00.000000,138.5,138.58999633789062,136.60000610351562,137.5399932861328,3356900.0
2020-12-15 00:00:00.000000,137.80999755859375,140.8000030517578,137.11000061035156,140.66000366210938,3394600.0
2020-12-16 00:00:00.000000,139.5,143.4499969482422,139.3300018310547,141.60000610351562,4029200.0
2020-12-17 00:00:00.000000,141.9499969482422,142.5,138.32000732421875,139.85000610351562,3625700.0
2020-12-18 00:00:00.000000,140.66000366210938,142.97000122070312,139.5800018310547,142.61000061035156,4874000.0
2020-12-21 00:00:00.000000,141.6300048828125,142.3699951171875,138.97000122070312,141.00999450683594,2631100.0
2020-12-22 00:00:00.000000,141.24000549316406,141.72000122070312,138.69000244140625,139.42999267578125,2102900.0
2020-12-23 00:00:00.000000,139.52000427246094,142.38999938964844,138.6300048828125,141.50999450683594,1762400.0
2020-12-24 00:00:00.000000,141.32000732421875,142.1999969482422,140.77999877929688,141.80999755859375,688100.0
2020-12-28 00:00:00.000000,142.3300018310547,142.5500030517578,138.77999877929688,140.72000122070312,1756100.0
2020-12-29 00:00:00.000000,141.0,142.1300048828125,140.27999877929688,140.6999969482422,1188400.0
2020-12-30 00:00:00.000000,141.38999938964844,142.6300048828125,140.88999938964844,142.0500030517578,1684500.0
2020-12-31 00:00:00.000000,141.91000366210938,143.86000061035156,141.91000366210938,143.60000610351562,1689900.0
2021-01-04 00:00:00.000000,143.44000244140625,143.64999389648438,138.16000366210938,139.50999450683594,3587000.0
2021-01-05 00:00:00.000000,140.22999572753906,141.39999389648438,138.49000549316406,141.32000732421875,2117800.0
2021-01-06 00:00:00.000000,138.52000427246094,140.1999969482422,136.38999938964844,136.8000030517578,2398500.0
2021-01-07 00:00:00.000000,137.3300018310547,140.8699951171875,137.0,140.74000549316406,2936200.0
2021-01-08 00:00:00.000000,140.86000061035156,142.0,139.92999267578125,141.86000061035156,1902700.0
2021-01-11 00:00:00.000000,141.52000427246094,141.72000122070312,139.30999755859375,141.22000122070312,2589800.0
2021-01-12 00:00:00.000000,141.08999633789062,141.8000030517578,137.3000030517578,139.05999755859375,2166700.0
2021-01-13 00:00:00.000000,138.57000732421875,138.9499969482422,134.6300048828125,136.33999633789062,3696500.0
2021-01-14 00:00:00.000000,136.8300018310547,139.3800048828125,136.1300048828125,138.94000244140625,3511800.0
2021-01-15 00:00:00.000000,139.25999450683594,140.66000366210938,137.91000366210938,139.0,2443700.0
2021-01-19 00:00:00.000000,139.41000366210938,143.0,138.0,141.42999267578125,2693300.0
2021-01-20 00:00:00.000000,142.42999267578125,145.9199981689453,141.7899932861328,145.60000610351562,3288400.0
2021-01-21 00:00:00.000000,145.61000061035156,147.27999877929688,144.74000549316406,145.97000122070312,3014000.0
2021-01-22 00:00:00.000000,144.97999572753906,146.47999572753906,144.50999450683594,146.0,3369200.0
2021-01-25 00:00:00.000000,148.80999755859375,150.3000030517578,145.3800048828125,146.3000030517578,3728600.0
2021-01-26 00:00:00.000000,146.36000061035156,146.9600067138672,145.19000244140625,146.3000030517578,3660300.0
2021-01-27 00:00:00.000000,145.8300018310547,148.92999267578125,144.5399932861328,146.22999572753906,4368100.0
2021-01-28 00:00:00.000000,146.1999969482422,146.6300048828125,142.89999389648438,143.00999450683594,3276700.0
2021-01-29 00:00:00.000000,141.0,144.57000732421875,140.47000122070312,143.1999969482422,3665400.0
2021-02-01 00:00:00.000000,143.7899932861328,147.2899932861328,143.52999877929688,145.8699951171875,4123100.0
2021-02-02 00:00:00.000000,146.14999389648438,150.3000030517578,146.14999389648438,148.97000122070312,4185700.0
2021-02-03 00:00:00.000000,144.36000061035156,144.61000061035156,138.0399932861328,140.82000732421875,6695600.0
2021-02-04 00:00:00.000000,140.55999755859375,142.14999389648438,137.75999450683594,138.6300048828125,3930200.0
2021-02-05 00:00:00.000000,139.91000366210938,142.47000122070312,139.3000030517578,141.22000122070312,3899200.0
2021-02-08 00:00:00.000000,142.0,142.49000549316406,139.33999633789062,142.4600067138672,2538400.0
2021-02-09 00:00:00.000000,142.57000732421875,148.22999572753906,142.42999267578125,146.11000061035156,4517900.0
2021-02-10 00:00:00.000000,146.9499969482422,147.41000366210938,144.1199951171875,144.61000061035156,2827100.0
2021-02-11 00:00:00.000000,145.3300018310547,147.94000244140625,144.61000061035156,147.3300018310547,2592700.0
2021-02-12 00:00:00.000000,146.82000732421875,147.83999633789062,145.0399932861328,147.74000549316406,1666100.0
2021-02-16 00:00:00.000000,146.85000610351562,147.91000366210938,144.6199951171875,145.77999877929688,2526400.0
2021-02-17 00:00:00.000000,145.07000732421875,146.02999877929688,143.3699951171875,145.8300018310547,1653900.0
2021-02-18 00:00:00.000000,146.0500030517578,148.41000366210938,144.17999267578125,147.41000366210938,2087500.0
2021-02-19 00:00:00.000000,147.67999267578125,148.97999572753906,145.44000244140625,145.9499969482422,2144000.0
2021-02-22 00:00:00.000000,144.66000366210938,145.39999389648438,142.0,142.25999450683594,1833100.0
2021-02-23 00:00:00.000000,140.22999572753906,141.97000122070312,136.19000244140625,141.1699981689453,2787000.0
2021-02-24 00:00:00.000000,138.3000030517578,139.6199951171875,136.92999267578125,137.67999267578125,3735500.0
2021-02-25 00:00:00.000000,137.25,138.9600067138672,134.10000610351562,135.24000549316406,3042600.0
2021-02-26 00:00:00.000000,135.7100067138672,137.8300018310547,133.91000366210938,133.97000122070312,3646600.0
2021-03-01 00:00:00.000000,134.83999633789062,137.86000061035156,134.75999450683594,137.27000427246094,2867400.0
2021-03-02 00:00:00.000000,137.14999389648438,138.27999877929688,135.60000610351562,136.82000732421875,2720500.0
2021-03-03 00:00:00.000000,135.92999267578125,136.75,132.72000122070312,133.0500030517578,2778500.0
2021-03-04 00:00:00.000000,132.57000732421875,134.77000427246094,130.50999450683594,131.2899932861328,2938300.0
2021-03-05 00:00:00.000000,131.52999877929688,132.92999267578125,129.50999450683594,132.60000610351562,2511000.0
2021-03-08 00:00:00.000000,131.99000549316406,132.52000427246094,127.16999816894533,127.20999908447266,2182200.0
2021-03-09 00:00:00.000000,130.24000549316406,133.0399932861328,129.97000122070312,130.92999267578125,2936700.0
2021-03-10 00:00:00.000000,132.63999938964844,132.63999938964844,129.80999755859375,130.1199951171875,1842300.0
2021-03-11 00:00:00.000000,132.4600067138672,132.80999755859375,131.0,131.33999633789062,2218100.0
2021-03-12 00:00:00.000000,129.92999267578125,131.0,129.2100067138672,130.49000549316406,1327700.0
2021-03-15 00:00:00.000000,130.44000244140625,130.94000244140625,129.13999938964844,130.88999938964844,2181700.0
2021-03-16 00:00:00.000000,132.4600067138672,133.6999969482422,131.5,131.74000549316406,2281000.0
2021-03-17 00:00:00.000000,131.25,131.25,128.75,130.60000610351562,2398600.0
2021-03-18 00:00:00.000000,130.0399932861328,130.5800018310547,127.29000091552734,128.0,3482500.0
2021-03-19 00:00:00.000000,128.52000427246094,129.80999755859375,127.9800033569336,128.39999389648438,4191400.0
2021-03-22 00:00:00.000000,129.41000366210938,132.4600067138672,128.60000610351562,131.41000366210938,3153600.0
2021-03-23 00:00:00.000000,131.5399932861328,134.47999572753906,131.0399932861328,133.0500030517578,2521200.0
2021-03-24 00:00:00.000000,132.97000122070312,133.30999755859375,129.7100067138672,129.8000030517578,2165800.0
2021-03-25 00:00:00.000000,129.05999755859375,130.42999267578125,128.1699981689453,130.02999877929688,1956600.0
2021-03-26 00:00:00.000000,130.24000549316406,133.0,129.67999267578125,132.85000610351562,2229500.0
2021-03-29 00:00:00.000000,132.50999450683594,136.00999450683594,131.52999877929688,134.97000122070312,2366900.0
2021-03-30 00:00:00.000000,133.41000366210938,134.50999450683594,132.44000244140625,134.42999267578125,1952000.0
2021-03-31 00:00:00.000000,134.7100067138672,136.6699981689453,134.27000427246094,135.3699951171875,2305100.0
2021-04-01 00:00:00.000000,136.72999572753906,138.4199981689453,136.27999877929688,137.9600067138672,1724900.0
2021-04-05 00:00:00.000000,137.50999450683594,141.75,137.27000427246094,141.5399932861328,2424400.0
2021-04-06 00:00:00.000000,141.08999633789062,142.4199981689453,140.39999389648438,141.27999877929688,2129800.0
2021-04-07 00:00:00.000000,141.3000030517578,142.77000427246094,140.75999450683594,142.00999450683594,1910200.0
2021-04-08 00:00:00.000000,142.83999633789062,143.22999572753906,140.69000244140625,141.5500030517578,1776000.0
2021-04-09 00:00:00.000000,140.60000610351562,140.72999572753906,138.44000244140625,140.4600067138672,1765500.0
2021-04-12 00:00:00.000000,139.4199981689453,141.69000244140625,139.3300018310547,141.4499969482422,2058100.0
2021-04-13 00:00:00.000000,142.58999633789062,143.8800048828125,141.4499969482422,142.11000061035156,2105300.0
2021-04-14 00:00:00.000000,141.9199981689453,143.0500030517578,141.27000427246094,141.61000061035156,1424900.0
2021-04-15 00:00:00.000000,141.61000061035156,142.97000122070312,140.6199951171875,142.77000427246094,1654300.0
2021-04-16 00:00:00.000000,142.11000061035156,142.41000366210938,140.27000427246094,141.0500030517578,2468400.0
2021-04-19 00:00:00.000000,140.0,141.35000610351562,138.75,139.6300048828125,2856300.0
2021-04-20 00:00:00.000000,139.60000610351562,141.75,138.8300018310547,140.86000061035156,2058300.0
2021-04-21 00:00:00.000000,140.30999755859375,141.1999969482422,139.08999633789062,141.0399932861328,1576700.0
2021-04-22 00:00:00.000000,141.11000061035156,143.27000427246094,140.4199981689453,141.25999450683594,2498500.0
2021-04-23 00:00:00.000000,142.52000427246094,143.60000610351562,140.83999633789062,143.13999938964844,2365300.0
2021-04-26 00:00:00.000000,143.6300048828125,145.38999938964844,143.0399932861328,143.7899932861328,1749200.0
2021-04-27 00:00:00.000000,144.36000061035156,144.42999267578125,142.5,143.4600067138672,2159500.0
2021-04-28 00:00:00.000000,144.08999633789062,144.9499969482422,143.32000732421875,143.99000549316406,1453500.0
2021-04-29 00:00:00.000000,144.3000030517578,146.72000122070312,143.49000549316406,146.33999633789062,1698700.0
2021-04-30 00:00:00.000000,145.10000610351562,146.2899932861328,141.89999389648438,142.0800018310547,2551400.0
2021-05-03 00:00:00.000000,142.7100067138672,143.47000122070312,141.0500030517578,141.17999267578125,2242800.0
2021-05-04 00:00:00.000000,140.72999572753906,140.8800048828125,135.75,137.05999755859375,2511900.0
2021-05-05 00:00:00.000000,138.02000427246094,140.61000061035156,137.6300048828125,137.86000061035156,2126700.0
2021-05-06 00:00:00.000000,137.5800018310547,141.4199981689453,137.5800018310547,141.33999633789062,1957300.0
2021-05-07 00:00:00.000000,142.58999633789062,143.83999633789062,141.77999877929688,142.4199981689453,1603800.0
2021-05-10 00:00:00.000000,141.4499969482422,143.3300018310547,140.6199951171875,140.64999389648438,3119100.0
2021-05-11 00:00:00.000000,138.89999389648438,142.47000122070312,138.69000244140625,141.36000061035156,4112800.0
2021-05-12 00:00:00.000000,141.66000366210938,142.6999969482422,137.7899932861328,139.6699981689453,5809100.0
2021-05-13 00:00:00.000000,138.9199981689453,140.94000244140625,138.02999877929688,139.1300048828125,2322900.0
2021-05-14 00:00:00.000000,140.2100067138672,140.7100067138672,137.85000610351562,138.6199951171875,2494400.0
2021-05-17 00:00:00.000000,137.0500030517578,138.35000610351562,136.4499969482422,137.52999877929688,2031200.0
2021-05-18 00:00:00.000000,137.30999755859375,140.69000244140625,136.75999450683594,138.05999755859375,2079500.0
2021-05-19 00:00:00.000000,135.97999572753906,139.1999969482422,135.55999755859375,138.8800048828125,1720100.0
2021-05-20 00:00:00.000000,139.9199981689453,143.10000610351562,139.00999450683594,141.80999755859375,2459000.0
2021-05-21 00:00:00.000000,142.47000122070312,143.19000244140625,139.8800048828125,140.1699981689453,2967400.0
2021-05-24 00:00:00.000000,141.38999938964844,142.6699981689453,140.1699981689453,142.08999633789062,1649800.0
2021-05-25 00:00:00.000000,142.58999633789062,143.83999633789062,141.5,143.25999450683594,1897000.0
2021-05-26 00:00:00.000000,144.0,145.72999572753906,143.17999267578125,143.99000549316406,1617000.0
2021-05-27 00:00:00.000000,143.32000732421875,144.4600067138672,142.52000427246094,142.92999267578125,1913200.0
2021-05-28 00:00:00.000000,143.30999755859375,144.2100067138672,142.72000122070312,142.92999267578125,1341000.0
2021-06-01 00:00:00.000000,142.1699981689453,144.14999389648438,142.1699981689453,143.6199951171875,2610300.0
2021-06-02 00:00:00.000000,143.69000244140625,143.86000061035156,140.92999267578125,141.39999389648438,1522100.0
2021-06-03 00:00:00.000000,140.88999938964844,142.5500030517578,140.64999389648438,141.99000549316406,1574900.0
2021-06-04 00:00:00.000000,142.89999389648438,145.82000732421875,142.63999938964844,145.2100067138672,1919500.0
2021-06-07 00:00:00.000000,144.74000549316406,145.9600067138672,144.0500030517578,145.72000122070312,1510500.0
2021-06-08 00:00:00.000000,146.4499969482422,147.25999450683594,145.1999969482422,145.5,1157900.0
2021-06-09 00:00:00.000000,146.27999877929688,147.44000244140625,145.57000732421875,145.82000732421875,1769800.0
2021-06-10 00:00:00.000000,146.36000061035156,146.39999389648438,142.30999755859375,145.66000366210938,3279100.0
2021-06-11 00:00:00.000000,145.22999572753906,146.75999450683594,144.97999572753906,146.38999938964844,1247500.0
2021-06-14 00:00:00.000000,146.66000366210938,148.74000549316406,146.14999389648438,148.5500030517578,1746200.0
2021-06-15 00:00:00.000000,148.9199981689453,148.92999267578125,144.30999755859375,144.8000030517578,1795600.0
2021-06-16 00:00:00.000000,143.9600067138672,144.25999450683594,140.4499969482422,142.60000610351562,2922500.0
2021-06-17 00:00:00.000000,142.13999938964844,143.5500030517578,140.6699981689453,141.92999267578125,2199700.0
2021-06-18 00:00:00.000000,142.0,142.63999938964844,139.9199981689453,141.1199951171875,3235600.0
2021-06-21 00:00:00.000000,139.3800048828125,142.08999633789062,138.7899932861328,140.9600067138672,2628500.0
2021-06-22 00:00:00.000000,141.1699981689453,141.66000366210938,140.07000732421875,140.86000061035156,1531700.0
2021-06-23 00:00:00.000000,140.9199981689453,141.6699981689453,138.22999572753906,138.6199951171875,1730100.0
2021-06-24 00:00:00.000000,138.55999755859375,139.5,137.60000610351562,138.64999389648438,1642900.0
2021-06-25 00:00:00.000000,139.19000244140625,139.72000122070312,138.0500030517578,138.58999633789062,2266800.0
2021-06-28 00:00:00.000000,139.69000244140625,144.47000122070312,139.49000549316406,142.97999572753906,2626800.0
2021-06-29 00:00:00.000000,143.17999267578125,144.52999877929688,142.22999572753906,144.10000610351562,1575400.0
2021-06-30 00:00:00.000000,144.32000732421875,144.63999938964844,143.14999389648438,143.8300018310547,1799900.0
2021-07-01 00:00:00.000000,143.4600067138672,143.82000732421875,141.42999267578125,142.13999938964844,2621600.0
2021-07-02 00:00:00.000000,143.2899932861328,143.91000366210938,142.1300048828125,143.41000366210938,1224500.0
2021-07-06 00:00:00.000000,143.5399932861328,143.7899932861328,141.9600067138672,143.0,1884300.0
2021-07-07 00:00:00.000000,144.08999633789062,144.25,142.5399932861328,142.9499969482422,1956900.0
2021-07-08 00:00:00.000000,141.32000732421875,142.3800048828125,140.0399932861328,140.4499969482422,1863700.0
2021-07-09 00:00:00.000000,139.5500030517578,141.47999572753906,139.49000549316406,140.99000549316406,1738700.0
2021-07-12 00:00:00.000000,142.5500030517578,142.5500030517578,140.55999755859375,141.38999938964844,1946400.0
2021-07-13 00:00:00.000000,143.44000244140625,145.9199981689453,142.4600067138672,143.25,2695800.0
2021-07-14 00:00:00.000000,143.30999755859375,145.0,142.52999877929688,143.1199951171875,1933100.0
2021-07-15 00:00:00.000000,143.35000610351562,144.5,141.57000732421875,142.66000366210938,2423200.0
2021-07-16 00:00:00.000000,142.6300048828125,144.00999450683594,141.22999572753906,143.10000610351562,3419700.0
2021-07-19 00:00:00.000000,143.0500030517578,145.1699981689453,140.36000061035156,141.24000549316406,2199100.0
2021-07-20 00:00:00.000000,141.35000610351562,141.99000549316406,139.8800048828125,141.07000732421875,1870000.0
2021-07-21 00:00:00.000000,143.88999938964844,143.88999938964844,140.1999969482422,140.72000122070312,2071100.0
2021-07-22 00:00:00.000000,140.07000732421875,142.4600067138672,140.07000732421875,142.2899932861328,1913200.0
2021-07-23 00:00:00.000000,142.64999389648438,145.36000061035156,141.77000427246094,144.99000549316406,2269500.0
2021-07-26 00:00:00.000000,145.1199951171875,146.00999450683594,143.8000030517578,145.25,1307000.0
2021-07-27 00:00:00.000000,145.05999755859375,145.22000122070312,140.32000732421875,141.92999267578125,2126600.0
2021-07-28 00:00:00.000000,142.35000610351562,145.1699981689453,142.24000549316406,143.55999755859375,1353700.0
2021-07-29 00:00:00.000000,143.9499969482422,144.6300048828125,142.8800048828125,143.3800048828125,1643100.0
2021-07-30 00:00:00.000000,142.83999633789062,145.39999389648438,142.4499969482422,143.9600067138672,2825200.0
2021-08-02 00:00:00.000000,145.0,145.63999938964844,143.80999755859375,144.11000061035156,2054200.0
2021-08-03 00:00:00.000000,142.63999938964844,143.32000732421875,137.1699981689453,139.8000030517578,4492500.0
2021-08-04 00:00:00.000000,139.52000427246094,141.33999633789062,138.36000061035156,139.91000366210938,2897400.0
2021-08-05 00:00:00.000000,144.8300018310547,146.5,134.83999633789062,136.8699951171875,5516100.0
2021-08-06 00:00:00.000000,136.47000122070312,137.3300018310547,135.41000366210938,136.33999633789062,2401300.0
2021-08-09 00:00:00.000000,136.7100067138672,137.83999633789062,135.42999267578125,136.16000366210938,1722800.0
2021-08-10 00:00:00.000000,136.11000061035156,137.08999633789062,135.16000366210938,137.02999877929688,2210400.0
2021-08-11 00:00:00.000000,137.9199981689453,138.4499969482422,137.05999755859375,138.3000030517578,1841300.0
2021-08-12 00:00:00.000000,138.11000061035156,139.02000427246094,136.92999267578125,138.99000549316406,1871500.0
2021-08-13 00:00:00.000000,138.94000244140625,139.39999389648438,138.19000244140625,138.67999267578125,1572600.0
2021-08-16 00:00:00.000000,137.9600067138672,140.02000427246094,137.39999389648438,140.0,1789100.0
2021-08-17 00:00:00.000000,139.1699981689453,142.16000366210938,138.63999938964844,141.0399932861328,2340800.0
2021-08-18 00:00:00.000000,140.94000244140625,141.89999389648438,139.82000732421875,139.99000549316406,2091100.0
2021-08-19 00:00:00.000000,139.3800048828125,141.41000366210938,139.0800018310547,140.60000610351562,1888400.0
2021-08-20 00:00:00.000000,140.9199981689453,141.77999877929688,139.6300048828125,140.1699981689453,2329900.0
2021-08-23 00:00:00.000000,140.14999389648438,143.5,139.32000732421875,142.82000732421875,1895900.0
2021-08-24 00:00:00.000000,143.16000366210938,144.35000610351562,142.16000366210938,142.57000732421875,1501900.0
2021-08-25 00:00:00.000000,142.77000427246094,142.77000427246094,140.00999450683594,141.86000061035156,1638200.0
2021-08-26 00:00:00.000000,141.97999572753906,142.88999938964844,141.17999267578125,141.47000122070312,1016300.0
2021-08-27 00:00:00.000000,141.52000427246094,143.32000732421875,141.2100067138672,142.94000244140625,1144000.0
2021-08-30 00:00:00.000000,142.1999969482422,144.3300018310547,141.00999450683594,143.2899932861328,2011300.0
2021-08-31 00:00:00.000000,143.66000366210938,147.1300048828125,142.60000610351562,145.2100067138672,3467600.0
2021-09-01 00:00:00.000000,145.33999633789062,147.0,144.9499969482422,146.42999267578125,1570100.0
2021-09-02 00:00:00.000000,146.8699951171875,147.75999450683594,144.99000549316406,145.39999389648438,2240600.0
2021-09-03 00:00:00.000000,144.9600067138672,146.9499969482422,144.9600067138672,146.60000610351562,1192700.0
2021-09-07 00:00:00.000000,147.08999633789062,147.08999633789062,145.1199951171875,145.22000122070312,1495700.0
2021-09-08 00:00:00.000000,145.75999450683594,147.5399932861328,143.89999389648438,144.10000610351562,2200400.0
2021-09-09 00:00:00.000000,143.27000427246094,144.24000549316406,140.80999755859375,142.30999755859375,2624700.0
2021-09-10 00:00:00.000000,142.02000427246094,146.92999267578125,141.47000122070312,145.1300048828125,3664200.0
2021-09-13 00:00:00.000000,145.41000366210938,146.91000366210938,143.91000366210938,144.67999267578125,2131400.0
2021-09-14 00:00:00.000000,145.22000122070312,145.94000244140625,144.30999755859375,145.3699951171875,1318400.0
2021-09-15 00:00:00.000000,142.14999389648438,142.24000549316406,135.83999633789062,137.0399932861328,6359000.0
2021-09-16 00:00:00.000000,137.91000366210938,139.6999969482422,135.52999877929688,135.9600067138672,4637600.0
2021-09-17 00:00:00.000000,135.1699981689453,135.55999755859375,133.1999969482422,133.8800048828125,4178700.0
2021-09-20 00:00:00.000000,131.97999572753906,132.52999877929688,128.75999450683594,130.08999633789062,3533200.0
2021-09-21 00:00:00.000000,130.00999450683594,130.5,126.55999755859376,126.76000213623048,3689800.0
2021-09-22 00:00:00.000000,126.19000244140624,127.62000274658205,124.87999725341795,126.4000015258789,4214400.0
2021-09-23 00:00:00.000000,126.98999786376952,129.1199951171875,126.12000274658205,127.88999938964844,2571600.0
2021-09-24 00:00:00.000000,127.04000091552734,130.02000427246094,126.86000061035156,129.89999389648438,2327300.0
2021-09-27 00:00:00.000000,129.27000427246094,132.55999755859375,128.94000244140625,131.97999572753906,3326800.0
2021-09-28 00:00:00.000000,131.86000061035156,135.0,131.52000427246094,133.77000427246094,4349800.0
2021-09-29 00:00:00.000000,133.85000610351562,139.58999633789062,133.80999755859375,137.94000244140625,5656600.0
2021-09-30 00:00:00.000000,139.30999755859375,144.1300048828125,138.85000610351562,142.25,5017700.0
2021-10-01 00:00:00.000000,141.89999389648438,144.11000061035156,139.5399932861328,143.58999633789062,3196200.0
2021-10-04 00:00:00.000000,143.36000061035156,145.4600067138672,140.02000427246094,143.16000366210938,3215700.0
2021-10-05 00:00:00.000000,143.1300048828125,144.72999572753906,142.60000610351562,144.08999633789062,2682100.0
2021-10-06 00:00:00.000000,143.5800018310547,143.5800018310547,132.86000061035156,134.07000732421875,8344300.0
2021-10-07 00:00:00.000000,134.75999450683594,138.1199951171875,134.39999389648438,137.58999633789062,3627300.0
2021-10-08 00:00:00.000000,137.47999572753906,140.55999755859375,137.41000366210938,139.99000549316406,2163000.0
2021-10-11 00:00:00.000000,139.9199981689453,140.61000061035156,137.50999450683594,139.47000122070312,1908200.0
2021-10-12 00:00:00.000000,139.52999877929688,139.8300018310547,136.0,136.6699981689453,3091900.0
2021-10-13 00:00:00.000000,136.9600067138672,137.75999450683594,132.9499969482422,136.44000244140625,3097400.0
2021-10-14 00:00:00.000000,136.72000122070312,137.66000366210938,134.6199951171875,135.7100067138672,2434400.0
2021-10-15 00:00:00.000000,135.85000610351562,136.69000244140625,133.27000427246094,134.75,3298800.0
2021-10-18 00:00:00.000000,134.64999389648438,135.72999572753906,134.1999969482422,134.7100067138672,1755900.0
2021-10-19 00:00:00.000000,135.47999572753906,136.77000427246094,134.5,136.75,1614400.0
2021-10-20 00:00:00.000000,137.4600067138672,139.32000732421875,137.2100067138672,139.1999969482422,1763200.0
2021-10-21 00:00:00.000000,139.2100067138672,140.83999633789062,138.27000427246094,140.6300048828125,1853600.0
2021-10-22 00:00:00.000000,141.0,144.16000366210938,140.60000610351562,141.07000732421875,2495300.0
2021-10-25 00:00:00.000000,141.11000061035156,143.7899932861328,140.5,142.19000244140625,2155600.0
2021-10-26 00:00:00.000000,142.9199981689453,144.11000061035156,141.72000122070312,142.39999389648438,1543000.0
2021-10-27 00:00:00.000000,142.67999267578125,142.75999450683594,140.30999755859375,140.3699951171875,1697000.0
2021-10-28 00:00:00.000000,140.25,141.19000244140625,139.10000610351562,140.22999572753906,1372600.0
2021-10-29 00:00:00.000000,140.4199981689453,140.83999633789062,138.91000366210938,140.25,1990500.0
2021-11-01 00:00:00.000000,140.91000366210938,143.41000366210938,140.02000427246094,141.77000427246094,2068300.0
2021-11-02 00:00:00.000000,141.55999755859375,141.75,138.74000549316406,140.1699981689453,2514400.0
2021-11-03 00:00:00.000000,137.6999969482422,140.72000122070312,136.4199981689453,139.5,3562300.0
2021-11-04 00:00:00.000000,143.3800048828125,146.72000122070312,142.0,142.47999572753906,3496100.0
2021-11-05 00:00:00.000000,144.19000244140625,144.6999969482422,138.61000061035156,139.57000732421875,2757800.0
2021-11-08 00:00:00.000000,139.99000549316406,140.32000732421875,137.63999938964844,138.16000366210938,2538200.0
2021-11-09 00:00:00.000000,139.35000610351562,141.0,138.6699981689453,139.7899932861328,1796000.0
2021-11-10 00:00:00.000000,139.6699981689453,141.9600067138672,138.5,139.27999877929688,2058800.0
2021-11-11 00:00:00.000000,140.14999389648438,145.80999755859375,139.75,144.4499969482422,3109500.0
2021-11-12 00:00:00.000000,143.86000061035156,146.58999633789062,143.5399932861328,145.44000244140625,1613600.0
2021-11-15 00:00:00.000000,143.61000061035156,144.38999938964844,137.63999938964844,141.27999877929688,3850900.0
2021-11-16 00:00:00.000000,141.1699981689453,143.36000061035156,138.57000732421875,139.55999755859375,2977500.0
2021-11-17 00:00:00.000000,138.6199951171875,140.6999969482422,137.60000610351562,138.13999938964844,2245900.0
2021-11-18 00:00:00.000000,137.27999877929688,137.82000732421875,135.11000061035156,137.3300018310547,4120500.0
2021-11-19 00:00:00.000000,137.25999450683594,137.4199981689453,132.19000244140625,132.38999938964844,3972400.0
2021-11-22 00:00:00.000000,131.6999969482422,131.8300018310547,125.30999755859376,126.27999877929688,5198500.0
2021-11-23 00:00:00.000000,125.75,129.2100067138672,125.58999633789062,128.41000366210938,3765400.0
2021-11-24 00:00:00.000000,128.25,128.57000732421875,124.80999755859376,126.6500015258789,2851100.0
2021-11-26 00:00:00.000000,130.8000030517578,130.88999938964844,125.47000122070312,125.97000122070312,2264100.0
2021-11-29 00:00:00.000000,125.9000015258789,126.11000061035156,123.06999969482422,124.87999725341795,2279200.0
2021-11-30 00:00:00.000000,125.87999725341795,128.58999633789062,123.27999877929688,124.22000122070312,5192800.0
2021-12-01 00:00:00.000000,125.0999984741211,125.95999908447266,120.08000183105467,120.2300033569336,3654100.0
2021-12-02 00:00:00.000000,120.6500015258789,123.76000213623048,120.6500015258789,122.58999633789062,3107200.0
2021-12-03 00:00:00.000000,123.63999938964844,125.5999984741211,123.08999633789062,125.2699966430664,3371300.0
2021-12-06 00:00:00.000000,127.44000244140624,127.80999755859376,124.87999725341795,126.30999755859376,2863800.0
2021-12-07 00:00:00.000000,127.25,128.0,125.93000030517578,126.1500015258789,2650200.0
2021-12-08 00:00:00.000000,126.37999725341795,127.33000183105467,125.12999725341795,126.37000274658205,2553700.0
2021-12-09 00:00:00.000000,126.48999786376952,126.87999725341795,124.69000244140624,125.0,2485300.0
2021-12-10 00:00:00.000000,126.1500015258789,127.37000274658205,124.66000366210938,125.63999938964844,2186600.0
2021-12-13 00:00:00.000000,125.63999938964844,128.3000030517578,125.63999938964844,126.7699966430664,2292900.0
2021-12-14 00:00:00.000000,125.9800033569336,128.33999633789062,125.9800033569336,126.8499984741211,2107800.0
2021-12-15 00:00:00.000000,127.6999969482422,129.24000549316406,125.81999969482422,128.89999389648438,2471000.0
2021-12-16 00:00:00.000000,128.61000061035156,129.77999877929688,128.02000427246094,129.38999938964844,1694800.0
2021-12-17 00:00:00.000000,129.33999633789062,130.8000030517578,127.27999877929688,127.5199966430664,3502800.0
2021-12-20 00:00:00.000000,126.45999908447266,130.1300048828125,126.45999908447266,129.9199981689453,2592100.0
2021-12-21 00:00:00.000000,130.97000122070312,132.32000732421875,129.19000244140625,132.1699981689453,2251400.0
2021-12-22 00:00:00.000000,132.0800018310547,133.25,130.5500030517578,131.47000122070312,2153700.0
2021-12-23 00:00:00.000000,131.27999877929688,133.00999450683594,130.86000061035156,132.5399932861328,1594000.0
2021-12-27 00:00:00.000000,133.27000427246094,133.75,132.3000030517578,133.0399932861328,1377300.0
2021-12-28 00:00:00.000000,133.24000549316406,134.97000122070312,133.0399932861328,133.47000122070312,1230700.0
2021-12-29 00:00:00.000000,133.89999389648438,134.1699981689453,131.88999938964844,133.13999938964844,912300.0
2021-12-30 00:00:00.000000,133.6999969482422,135.60000610351562,133.6999969482422,134.4600067138672,1177000.0
2021-12-31 00:00:00.000000,134.4600067138672,134.99000549316406,131.64999389648438,131.89999389648438,1610900.0
2022-01-03 00:00:00.000000,131.92999267578125,135.97999572753906,131.75,134.9499969482422,2033900.0
2022-01-04 00:00:00.000000,134.32000732421875,136.3000030517578,133.77999877929688,135.75999450683594,2110800.0
2022-01-05 00:00:00.000000,136.3000030517578,137.47999572753906,133.6300048828125,133.8000030517578,2531600.0
2022-01-06 00:00:00.000000,133.27999877929688,133.97000122070312,129.4199981689453,129.69000244140625,2270700.0
2022-01-07 00:00:00.000000,129.08999633789062,132.47000122070312,127.27999877929688,131.77999877929688,2436000.0
2022-01-10 00:00:00.000000,131.41000366210938,132.1699981689453,128.14999389648438,128.89999389648438,3053200.0
2022-01-11 00:00:00.000000,127.56999969482422,130.9600067138672,127.5500030517578,130.8000030517578,1797200.0
2022-01-12 00:00:00.000000,131.24000549316406,132.91000366210938,129.97000122070312,132.5,1677700.0
2022-01-13 00:00:00.000000,133.02999877929688,133.02999877929688,130.50999450683594,130.83999633789062,1343500.0
2022-01-14 00:00:00.000000,130.0399932861328,130.75,128.72000122070312,130.44000244140625,1633400.0
2022-01-18 00:00:00.000000,138.44000244140625,142.5500030517578,133.4499969482422,133.91000366210938,8758900.0
2022-01-19 00:00:00.000000,135.52000427246094,138.22000122070312,134.6999969482422,136.91000366210938,3820300.0
2022-01-20 00:00:00.000000,137.85000610351562,141.99000549316406,137.85000610351562,138.8800048828125,3116900.0
2022-01-21 00:00:00.000000,138.27999877929688,140.69000244140625,138.08999633789062,139.00999450683594,3120000.0
2022-01-24 00:00:00.000000,137.08999633789062,139.39999389648438,131.89999389648438,135.1999969482422,4262100.0
2022-01-25 00:00:00.000000,133.57000732421875,134.02000427246094,129.5399932861328,131.00999450683594,2386400.0
2022-01-26 00:00:00.000000,131.07000732421875,132.3300018310547,128.8300018310547,129.97999572753906,2333800.0
2022-01-27 00:00:00.000000,130.77000427246094,134.0399932861328,130.64999389648438,131.05999755859375,1781500.0
2022-01-28 00:00:00.000000,131.16000366210938,132.22999572753906,129.5800018310547,131.9199981689453,2155000.0
2022-01-31 00:00:00.000000,131.14999389648438,135.74000549316406,129.24000549316406,132.66000366210938,4471000.0
2022-02-01 00:00:00.000000,133.0800018310547,133.4600067138672,129.07000732421875,129.94000244140625,3828000.0
2022-02-02 00:00:00.000000,125.72000122070312,137.58999633789062,125.61000061035156,137.1699981689453,5723700.0
2022-02-03 00:00:00.000000,135.27999877929688,139.61000061035156,134.2899932861328,137.2899932861328,3409200.0
2022-02-04 00:00:00.000000,135.35000610351562,138.3800048828125,134.69000244140625,137.7100067138672,2397200.0
2022-02-07 00:00:00.000000,138.0,138.0800018310547,135.60000610351562,136.39999389648438,1726100.0
2022-02-08 00:00:00.000000,136.32000732421875,137.25,134.25,134.3699951171875,2264900.0
2022-02-09 00:00:00.000000,135.75999450683594,136.0,132.5800018310547,135.7899932861328,1955800.0
2022-02-10 00:00:00.000000,133.19000244140625,136.89999389648438,133.19000244140625,134.97999572753906,1718600.0
2022-02-11 00:00:00.000000,134.97999572753906,136.4199981689453,133.8000030517578,134.10000610351562,1647900.0
2022-02-14 00:00:00.000000,133.8800048828125,134.4600067138672,132.44000244140625,133.39999389648438,1680500.0
2022-02-15 00:00:00.000000,134.39999389648438,135.4600067138672,133.36000061035156,134.5,1739100.0
2022-02-16 00:00:00.000000,133.75,134.60000610351562,131.4600067138672,133.2899932861328,2369300.0
2022-02-17 00:00:00.000000,133.07000732421875,133.07000732421875,129.92999267578125,130.39999389648438,1735700.0
2022-02-18 00:00:00.000000,130.00999450683594,131.1699981689453,128.9199981689453,129.3300018310547,2002000.0
2022-02-22 00:00:00.000000,128.0500030517578,129.63999938964844,126.5999984741211,127.08999633789062,2182600.0
2022-02-23 00:00:00.000000,127.87999725341795,129.25,126.4800033569336,126.72000122070312,1908600.0
2022-02-24 00:00:00.000000,123.91000366210938,127.66999816894533,123.8000030517578,127.5,2083600.0
2022-02-25 00:00:00.000000,128.33999633789062,129.02999877929688,126.86000061035156,128.7100067138672,2058600.0
2022-02-28 00:00:00.000000,127.76000213623048,131.49000549316406,127.76000213623048,130.08999633789062,3489100.0
2022-03-01 00:00:00.000000,130.5500030517578,131.58999633789062,127.52999877929688,128.14999389648438,1420400.0
2022-03-02 00:00:00.000000,128.24000549316406,129.72000122070312,127.62000274658205,129.25999450683594,1641800.0
2022-03-03 00:00:00.000000,130.19000244140625,130.39999389648438,127.43000030517578,127.83999633789062,1305700.0
2022-03-04 00:00:00.000000,126.77999877929688,127.69000244140624,126.23999786376952,126.48999786376952,1845600.0
2022-03-07 00:00:00.000000,126.47000122070312,128.5500030517578,125.06999969482422,126.26000213623048,2060200.0
2022-03-08 00:00:00.000000,125.4800033569336,125.87000274658205,122.1999969482422,122.66999816894533,2211600.0
2022-03-09 00:00:00.000000,124.04000091552734,125.95999908447266,123.29000091552734,125.5199966430664,2139500.0
2022-03-10 00:00:00.000000,124.62999725341795,125.9800033569336,122.66000366210938,123.68000030517578,1222000.0
2022-03-11 00:00:00.000000,124.62999725341795,125.45999908447266,122.16999816894533,122.33000183105467,1195200.0
2022-03-14 00:00:00.000000,122.18000030517578,122.43000030517578,118.23999786376952,119.12999725341795,1968000.0
2022-03-15 00:00:00.000000,119.13999938964844,121.11000061035156,117.58000183105467,120.8000030517578,1815900.0
2022-03-16 00:00:00.000000,121.29000091552734,123.88999938964844,121.12999725341795,123.8000030517578,1627800.0
2022-03-17 00:00:00.000000,123.44000244140624,125.23999786376952,122.66999816894533,125.18000030517578,1297300.0
2022-03-18 00:00:00.000000,124.2699966430664,126.4800033569336,123.38999938964844,126.27999877929688,2653400.0
2022-03-21 00:00:00.000000,125.08999633789062,126.4000015258789,124.63999938964844,125.55999755859376,1222100.0
2022-03-22 00:00:00.000000,125.9499969482422,128.17999267578125,124.75,127.93000030517578,1710000.0
2022-03-23 00:00:00.000000,127.37999725341795,128.05999755859375,124.05999755859376,124.63999938964844,2158400.0
2022-03-24 00:00:00.000000,125.05999755859376,125.56999969482422,123.62999725341795,125.56999969482422,2273400.0
2022-03-25 00:00:00.000000,126.02999877929688,127.51000213623048,125.3000030517578,127.31999969482422,1315600.0
2022-03-28 00:00:00.000000,127.66999816894533,128.1199951171875,126.1500015258789,128.0399932861328,1066000.0
2022-03-29 00:00:00.000000,129.22999572753906,129.72000122070312,127.3000030517578,128.8300018310547,1495300.0
2022-03-30 00:00:00.000000,128.02999877929688,128.8699951171875,127.12999725341795,127.68000030517578,1097000.0
2022-03-31 00:00:00.000000,128.17999267578125,128.19000244140625,125.8499984741211,126.51000213623048,1751000.0
2022-04-01 00:00:00.000000,126.8499984741211,127.19000244140624,123.33999633789062,125.2300033569336,2194000.0
2022-04-04 00:00:00.000000,125.80999755859376,128.55999755859375,125.4499969482422,128.02000427246094,1522600.0
2022-04-05 00:00:00.000000,127.1500015258789,128.72999572753906,125.5,125.86000061035156,1012400.0
2022-04-06 00:00:00.000000,125.26000213623048,126.98999786376952,124.36000061035156,124.8499984741211,1972000.0
2022-04-07 00:00:00.000000,124.94000244140624,125.33999633789062,122.52999877929688,123.4000015258789,1758000.0
2022-04-08 00:00:00.000000,122.87999725341795,124.56999969482422,122.2300033569336,123.4800033569336,1282400.0
2022-04-11 00:00:00.000000,123.22000122070312,124.72000122070312,122.33000183105467,122.58000183105467,1793100.0
2022-04-12 00:00:00.000000,123.37000274658205,124.5500030517578,122.9499969482422,123.56999969482422,2581800.0
2022-04-13 00:00:00.000000,123.98999786376952,124.1500015258789,122.27999877929688,123.62000274658205,1532600.0
2022-04-14 00:00:00.000000,123.62999725341795,123.95999908447266,121.19000244140624,122.5999984741211,2036400.0
2022-04-18 00:00:00.000000,122.33999633789062,123.4499969482422,121.1500015258789,122.16000366210938,1536600.0
2022-04-19 00:00:00.000000,120.12000274658205,124.30999755859376,120.12000274658205,124.04000091552734,1547300.0
2022-04-20 00:00:00.000000,124.0999984741211,124.8499984741211,123.12999725341795,123.30999755859376,1571600.0
2022-04-21 00:00:00.000000,123.43000030517578,125.68000030517578,123.43000030517578,123.73999786376952,2442400.0
2022-04-22 00:00:00.000000,124.83000183105467,128.5500030517578,123.62999725341795,128.08999633789062,4237300.0
2022-04-25 00:00:00.000000,127.7300033569336,128.67999267578125,125.16999816894533,128.14999389648438,2718400.0
2022-04-26 00:00:00.000000,127.7699966430664,128.00999450683594,124.33999633789062,124.62999725341795,1911600.0
2022-04-27 00:00:00.000000,124.47000122070312,124.5999984741211,121.01000213623048,121.22000122070312,2553100.0
2022-04-28 00:00:00.000000,122.81999969482422,124.3000030517578,121.66999816894533,123.41000366210938,1663000.0
2022-04-29 00:00:00.000000,123.01000213623048,124.0199966430664,117.73999786376952,118.0500030517578,3008100.0
2022-05-02 00:00:00.000000,118.75,121.56999969482422,117.75,120.0,2932200.0
2022-05-03 00:00:00.000000,120.0500030517578,122.69000244140624,120.0199966430664,122.51000213623048,2319200.0
2022-05-04 00:00:00.000000,122.87999725341795,123.8499984741211,120.3499984741211,123.72000122070312,1865200.0
2022-05-05 00:00:00.000000,123.08999633789062,123.58999633789062,118.3000030517578,119.61000061035156,2135300.0
2022-05-06 00:00:00.000000,119.16000366210938,119.5,114.38999938964844,115.29000091552734,2122500.0
2022-05-09 00:00:00.000000,114.29000091552734,114.79000091552734,111.6999969482422,112.04000091552734,3465600.0
2022-05-10 00:00:00.000000,113.05999755859376,113.62999725341795,109.23999786376952,111.5999984741211,6505800.0
2022-05-11 00:00:00.000000,114.5999984741211,126.2699966430664,114.11000061035156,120.48999786376952,7986700.0
2022-05-12 00:00:00.000000,118.31999969482422,122.16000366210938,118.31999969482422,120.9499969482422,4545000.0
2022-05-13 00:00:00.000000,121.62000274658205,125.27999877929688,121.13999938964844,124.94000244140624,3682500.0
2022-05-16 00:00:00.000000,125.0,128.89999389648438,124.41999816894533,127.38999938964844,2901900.0
2022-05-17 00:00:00.000000,126.61000061035156,132.5800018310547,126.5500030517578,128.47000122070312,3920200.0
2022-05-18 00:00:00.000000,126.9000015258789,130.11000061035156,126.55999755859376,128.97000122070312,4177100.0
2022-05-19 00:00:00.000000,129.02000427246094,133.13999938964844,128.4499969482422,130.02000427246094,3542800.0
2022-05-20 00:00:00.000000,130.82000732421875,132.5800018310547,126.5199966430664,130.75999450683594,4727700.0
2022-05-23 00:00:00.000000,134.55999755859375,137.72999572753906,132.6199951171875,133.77000427246094,4589800.0
2022-05-24 00:00:00.000000,132.6999969482422,137.7899932861328,132.49000549316406,136.67999267578125,4920100.0
2022-05-25 00:00:00.000000,135.9600067138672,137.66000366210938,134.47000122070312,137.35000610351562,2717200.0
2022-05-26 00:00:00.000000,137.47999572753906,139.25,137.3300018310547,138.67999267578125,1685600.0
2022-05-27 00:00:00.000000,139.0,140.16000366210938,137.5500030517578,138.52999877929688,2411900.0
2022-05-31 00:00:00.000000,137.89999389648438,139.25999450683594,136.32000732421875,138.64999389648438,2880300.0
2022-06-01 00:00:00.000000,139.4199981689453,140.10000610351562,137.47999572753906,139.52999877929688,2134500.0
2022-06-02 00:00:00.000000,138.72999572753906,141.74000549316406,137.6199951171875,141.5,2868100.0
2022-06-03 00:00:00.000000,140.69000244140625,142.7899932861328,140.16000366210938,141.0,2924200.0
2022-06-06 00:00:00.000000,141.4600067138672,142.22999572753906,139.8699951171875,140.35000610351562,1649200.0
2022-06-07 00:00:00.000000,139.02999877929688,141.02000427246094,138.72000122070312,140.97000122070312,1847200.0
2022-06-08 00:00:00.000000,140.6300048828125,141.47000122070312,138.75,139.22000122070312,1702500.0
2022-06-09 00:00:00.000000,138.3300018310547,140.17999267578125,135.77999877929688,135.80999755859375,2239800.0
2022-06-10 00:00:00.000000,133.52999877929688,134.97999572753906,132.75,133.44000244140625,2052800.0
2022-06-13 00:00:00.000000,131.25999450683594,131.91000366210938,128.6699981689453,128.75999450683594,2809700.0
2022-06-14 00:00:00.000000,129.16000366210938,129.77000427246094,126.27999877929688,127.37000274658205,2422100.0
2022-06-15 00:00:00.000000,127.6500015258789,130.60000610351562,127.0500030517578,129.25999450683594,2210100.0
2022-06-16 00:00:00.000000,126.87000274658205,128.72999572753906,126.02999877929688,127.9800033569336,2329600.0
2022-06-17 00:00:00.000000,127.76000213623048,129.5399932861328,125.8499984741211,128.5399932861328,3726000.0
2022-06-21 00:00:00.000000,129.77999877929688,130.94000244140625,128.5800018310547,130.38999938964844,2222900.0
2022-06-22 00:00:00.000000,129.1999969482422,130.72999572753906,128.82000732421875,129.02999877929688,2083500.0
2022-06-23 00:00:00.000000,128.97999572753906,130.0,127.70999908447266,128.9600067138672,2048700.0
2022-06-24 00:00:00.000000,130.1999969482422,131.0500030517578,128.5399932861328,130.1999969482422,6940500.0
2022-06-27 00:00:00.000000,129.1199951171875,129.7899932861328,123.23999786376952,125.5999984741211,3597600.0
2022-06-28 00:00:00.000000,125.91000366210938,126.56999969482422,122.61000061035156,122.87999725341795,3250600.0
2022-06-29 00:00:00.000000,123.0500030517578,124.0199966430664,121.68000030517578,122.83000183105467,1973600.0
2022-06-30 00:00:00.000000,122.43000030517578,123.3499984741211,121.06999969482422,121.6500015258789,2319000.0
2022-07-01 00:00:00.000000,120.9000015258789,123.0199966430664,120.70999908447266,122.7300033569336,1185900.0
2022-07-05 00:00:00.000000,121.5199966430664,125.0,120.54000091552734,124.75,1773100.0
2022-07-06 00:00:00.000000,124.88999938964844,125.2699966430664,123.5,124.3499984741211,1517600.0
2022-07-07 00:00:00.000000,124.13999938964844,126.3499984741211,123.7699966430664,125.5999984741211,1770100.0
2022-07-08 00:00:00.000000,124.83000183105467,126.4499969482422,124.1999969482422,125.62999725341795,1386000.0
2022-07-11 00:00:00.000000,125.3000030517578,125.61000061035156,123.68000030517578,123.83999633789062,1291300.0
2022-07-12 00:00:00.000000,123.7300033569336,124.9800033569336,121.7300033569336,121.9800033569336,1250000.0
2022-07-13 00:00:00.000000,120.25,122.38999938964844,119.54000091552734,121.68000030517578,1726000.0
2022-07-14 00:00:00.000000,121.0500030517578,122.4000015258789,120.19000244140624,122.29000091552734,1315300.0
2022-07-15 00:00:00.000000,122.75,124.12000274658205,122.72000122070312,123.16000366210938,1244600.0
2022-07-18 00:00:00.000000,124.12000274658205,125.22000122070312,123.19000244140624,123.62000274658205,1584500.0
2022-07-19 00:00:00.000000,124.70999908447266,126.87999725341795,124.08999633789062,126.75,1854800.0
2022-07-20 00:00:00.000000,126.79000091552734,128.27000427246094,126.22000122070312,127.58999633789062,1365100.0
2022-07-21 00:00:00.000000,128.11000061035156,130.3800048828125,127.22000122070312,130.2100067138672,2306100.0
2022-07-22 00:00:00.000000,130.00999450683594,132.02000427246094,129.77000427246094,130.16000366210938,1486200.0
2022-07-25 00:00:00.000000,130.0,130.85000610351562,129.50999450683594,129.9199981689453,1404600.0
2022-07-26 00:00:00.000000,130.72000122070312,133.4600067138672,129.77000427246094,130.75,1571300.0
2022-07-27 00:00:00.000000,130.4600067138672,132.9600067138672,129.80999755859375,132.17999267578125,1697900.0
2022-07-28 00:00:00.000000,132.49000549316406,133.6199951171875,131.39999389648438,133.17999267578125,1441700.0
2022-07-29 00:00:00.000000,132.1699981689453,132.94000244140625,130.07000732421875,131.22999572753906,2530800.0
2022-08-01 00:00:00.000000,130.58999633789062,131.85000610351562,129.7899932861328,130.8699951171875,1652600.0
2022-08-02 00:00:00.000000,129.75,130.60000610351562,128.72999572753906,128.88999938964844,2184900.0
2022-08-03 00:00:00.000000,131.13999938964844,134.9199981689453,130.41000366210938,133.27999877929688,2210800.0
2022-08-04 00:00:00.000000,133.3699951171875,133.8000030517578,131.99000549316406,133.24000549316406,1666300.0
2022-08-05 00:00:00.000000,132.10000610351562,132.67999267578125,131.2100067138672,132.55999755859375,1178600.0
2022-08-08 00:00:00.000000,132.75,133.4199981689453,130.58999633789062,131.0500030517578,1585800.0
2022-08-09 00:00:00.000000,130.0500030517578,130.5800018310547,128.05999755859375,129.27999877929688,1977400.0
2022-08-10 00:00:00.000000,130.83999633789062,132.1999969482422,130.10000610351562,131.16000366210938,1640500.0
2022-08-11 00:00:00.000000,131.99000549316406,132.27999877929688,129.58999633789062,129.67999267578125,1435400.0
2022-08-12 00:00:00.000000,130.14999389648438,131.55999755859375,129.7899932861328,131.3699951171875,1000300.0
2022-08-15 00:00:00.000000,130.9499969482422,132.10000610351562,129.85000610351562,131.60000610351562,1133100.0
2022-08-16 00:00:00.000000,131.25999450683594,135.80999755859375,130.5399932861328,135.11000061035156,2037000.0
2022-08-17 00:00:00.000000,134.67999267578125,135.77999877929688,133.0,133.1699981689453,1601200.0
2022-08-18 00:00:00.000000,133.1699981689453,133.6199951171875,131.97999572753906,132.47000122070312,1190500.0
2022-08-19 00:00:00.000000,131.74000549316406,131.8800048828125,130.1199951171875,130.47999572753906,1220800.0
2022-08-22 00:00:00.000000,129.88999938964844,130.24000549316406,127.62999725341795,128.1199951171875,1775000.0
2022-08-23 00:00:00.000000,127.05999755859376,127.44000244140624,126.27999877929688,126.7300033569336,1124700.0
2022-08-24 00:00:00.000000,126.47000122070312,127.0199966430664,125.5,125.61000061035156,1426700.0
2022-08-25 00:00:00.000000,126.26000213623048,127.62999725341795,125.37000274658205,127.61000061035156,878500.0
2022-08-26 00:00:00.000000,133.69000244140625,135.85000610351562,131.99000549316406,132.1699981689453,9512600.0
2022-08-29 00:00:00.000000,130.4499969482422,131.3800048828125,127.5999984741211,129.60000610351562,2729300.0
2022-08-30 00:00:00.000000,128.97999572753906,129.0500030517578,125.9000015258789,126.47000122070312,1943200.0
2022-08-31 00:00:00.000000,127.88999938964844,128.80999755859375,126.56999969482422,126.87000274658205,1860700.0
2022-09-01 00:00:00.000000,125.87999725341795,127.76000213623048,125.87999725341795,127.68000030517578,1497700.0
2022-09-02 00:00:00.000000,127.91999816894533,128.4499969482422,125.0,125.33000183105467,1346700.0
2022-09-06 00:00:00.000000,124.41999816894533,125.05999755859376,122.54000091552734,124.7300033569336,2205700.0
2022-09-07 00:00:00.000000,123.6999969482422,125.87000274658205,123.4499969482422,125.5500030517578,2355300.0
2022-09-08 00:00:00.000000,125.36000061035156,127.19000244140624,124.44000244140624,127.13999938964844,1719100.0
2022-09-09 00:00:00.000000,127.8000030517578,129.74000549316406,127.6500015258789,128.92999267578125,1651400.0
2022-09-12 00:00:00.000000,129.75999450683594,131.39999389648438,129.25999450683594,130.85000610351562,1707800.0
2022-09-13 00:00:00.000000,128.14999389648438,129.47999572753906,126.73999786376952,127.58999633789062,2829900.0
2022-09-14 00:00:00.000000,127.38999938964844,127.72000122070312,125.66999816894533,126.91999816894533,1750900.0
2022-09-15 00:00:00.000000,125.1999969482422,126.66000366210938,123.75,124.41000366210938,2314700.0
2022-09-16 00:00:00.000000,123.87000274658205,123.97000122070312,120.0,121.73999786376952,5240600.0
2022-09-19 00:00:00.000000,121.19000244140624,123.01000213623048,120.16000366210938,122.93000030517578,1722300.0
2022-09-20 00:00:00.000000,122.5500030517578,122.62999725341795,119.88999938964844,120.54000091552734,1521700.0
2022-09-21 00:00:00.000000,121.11000061035156,121.18000030517578,117.48999786376952,117.48999786376952,1426400.0
2022-09-22 00:00:00.000000,116.6500015258789,118.3000030517578,116.4800033569336,117.41999816894533,1385400.0
2022-09-23 00:00:00.000000,116.73999786376952,117.30999755859376,114.06999969482422,115.63999938964844,1825900.0
2022-09-26 00:00:00.000000,115.31999969482422,116.56999969482422,114.12000274658205,114.81999969482422,1726300.0
2022-09-27 00:00:00.000000,115.52999877929688,116.56999969482422,114.63999938964844,115.13999938964844,1268300.0
2022-09-28 00:00:00.000000,115.83000183105467,118.94000244140624,115.08999633789062,118.3499984741211,2091900.0
2022-09-29 00:00:00.000000,117.7300033569336,118.25,116.0999984741211,117.47000122070312,1644600.0
2022-09-30 00:00:00.000000,117.6999969482422,118.51000213623048,115.5500030517578,115.70999908447266,2189200.0
2022-10-03 00:00:00.000000,116.2300033569336,120.43000030517578,116.01000213623048,119.86000061035156,2602000.0
2022-10-04 00:00:00.000000,120.62000274658205,123.33999633789062,120.62000274658205,123.1999969482422,2039000.0
2022-10-05 00:00:00.000000,122.6999969482422,123.73999786376952,121.27999877929688,122.66999816894533,1704900.0
2022-10-06 00:00:00.000000,122.87999725341795,124.79000091552734,122.66000366210938,123.66000366210938,1558300.0
2022-10-07 00:00:00.000000,122.52999877929688,123.33999633789062,121.56999969482422,122.30999755859376,1999500.0
2022-10-10 00:00:00.000000,122.4000015258789,122.47000122070312,119.9000015258789,120.68000030517578,1080100.0
2022-10-11 00:00:00.000000,120.2300033569336,121.2699966430664,118.63999938964844,119.25,1578900.0
2022-10-12 00:00:00.000000,119.33999633789062,120.1999969482422,118.79000091552734,118.87999725341795,1140800.0
2022-10-13 00:00:00.000000,116.33999633789062,122.16000366210938,116.22000122070312,121.22000122070312,1624700.0
2022-10-14 00:00:00.000000,122.08000183105467,123.22000122070312,119.55999755859376,120.37000274658205,1972600.0
2022-10-17 00:00:00.000000,123.1999969482422,123.58000183105467,120.83000183105467,121.02999877929688,1700300.0
2022-10-18 00:00:00.000000,122.58999633789062,123.98999786376952,122.0500030517578,123.37000274658205,1513600.0
2022-10-19 00:00:00.000000,122.37999725341795,124.5999984741211,121.93000030517578,123.83999633789062,1347700.0
2022-10-20 00:00:00.000000,123.62000274658205,125.6999969482422,122.29000091552734,123.5500030517578,1360900.0
2022-10-21 00:00:00.000000,123.26000213623048,125.30999755859376,122.5500030517578,124.98999786376952,1605700.0
2022-10-24 00:00:00.000000,125.6500015258789,126.37999725341795,123.8000030517578,125.66999816894533,1344500.0
2022-10-25 00:00:00.000000,126.1999969482422,127.80999755859376,125.86000061035156,127.73999786376952,1634500.0
2022-10-26 00:00:00.000000,127.75,129.5399932861328,126.9800033569336,127.25,1357500.0
2022-10-27 00:00:00.000000,127.16000366210938,129.61000061035156,127.11000061035156,127.6999969482422,2233800.0
2022-10-28 00:00:00.000000,128.4199981689453,130.4499969482422,127.77999877929688,128.24000549316406,2213800.0
2022-10-31 00:00:00.000000,127.91999816894533,128.67999267578125,125.16000366210938,125.95999908447266,2941200.0
2022-11-01 00:00:00.000000,126.29000091552734,127.6999969482422,125.27999877929688,126.2699966430664,2576700.0
2022-11-02 00:00:00.000000,126.0,132.7100067138672,123.72000122070312,128.66000366210938,4902200.0
2022-11-03 00:00:00.000000,127.51000213623048,129.3699951171875,126.58000183105467,126.62000274658205,2340800.0
2022-11-04 00:00:00.000000,126.87000274658205,129.82000732421875,126.62000274658205,129.75999450683594,2231500.0
2022-11-07 00:00:00.000000,130.17999267578125,133.39999389648438,129.9600067138672,132.4199981689453,2714600.0
2022-11-08 00:00:00.000000,130.19000244140625,131.47000122070312,127.83000183105467,129.10000610351562,2554600.0
2022-11-09 00:00:00.000000,129.0,129.13999938964844,126.0,126.29000091552734,2413000.0
2022-11-10 00:00:00.000000,129.6199951171875,131.5500030517578,128.3800048828125,130.3000030517578,2564900.0
2022-11-11 00:00:00.000000,130.61000061035156,131.41000366210938,128.41000366210938,131.22999572753906,2057800.0
2022-11-14 00:00:00.000000,131.19000244140625,131.69000244140625,129.47000122070312,129.55999755859375,2412900.0
2022-11-15 00:00:00.000000,130.92999267578125,131.8699951171875,127.0999984741211,128.77999877929688,2266700.0
2022-11-16 00:00:00.000000,129.2100067138672,130.83999633789062,128.36000061035156,129.33999633789062,1464600.0
2022-11-17 00:00:00.000000,127.27999877929688,129.6199951171875,126.18000030517578,128.64999389648438,1437900.0
2022-11-18 00:00:00.000000,129.7899932861328,130.27999877929688,128.4600067138672,130.0800018310547,1648500.0
2022-11-21 00:00:00.000000,129.5,130.02000427246094,126.4000015258789,127.86000061035156,1846900.0
2022-11-22 00:00:00.000000,128.16000366210938,129.64999389648438,127.0199966430664,129.52000427246094,1509400.0
2022-11-23 00:00:00.000000,130.0,131.6199951171875,129.39999389648438,130.9600067138672,1574800.0
2022-11-25 00:00:00.000000,129.97999572753906,130.27000427246094,129.14999389648438,129.5,781300.0
2022-11-28 00:00:00.000000,129.02000427246094,130.13999938964844,128.1699981689453,128.35000610351562,1332000.0
2022-11-29 00:00:00.000000,127.79000091552734,128.72000122070312,126.91000366210938,127.58999633789062,1330200.0
2022-11-30 00:00:00.000000,127.69000244140624,131.25,126.73999786376952,130.77999877929688,2809700.0
2022-12-01 00:00:00.000000,131.8300018310547,132.07000732421875,130.1300048828125,131.6199951171875,1806200.0
2022-12-02 00:00:00.000000,130.5800018310547,132.86000061035156,130.36000061035156,132.27999877929688,1233200.0
2022-12-05 00:00:00.000000,132.1699981689453,133.33999633789062,130.00999450683594,130.4199981689453,1745200.0
2022-12-06 00:00:00.000000,130.16000366210938,130.16000366210938,126.76000213623048,127.41000366210938,1943900.0
2022-12-07 00:00:00.000000,127.7699966430664,128.10000610351562,125.31999969482422,126.01000213623048,1489700.0
2022-12-08 00:00:00.000000,127.0500030517578,127.4800033569336,125.2300033569336,126.11000061035156,2259600.0
2022-12-09 00:00:00.000000,126.0999984741211,126.0999984741211,124.18000030517578,124.70999908447266,1985500.0
2022-12-12 00:00:00.000000,125.75,126.12000274658205,123.47000122070312,125.5999984741211,1666800.0
2022-12-13 00:00:00.000000,127.76000213623048,128.91000366210938,124.4499969482422,125.68000030517578,2416600.0
2022-12-14 00:00:00.000000,125.8499984741211,126.62999725341795,123.7699966430664,124.66000366210938,1477000.0
2022-12-15 00:00:00.000000,123.62999725341795,124.23999786376952,121.33000183105467,121.7300033569336,1686500.0
2022-12-16 00:00:00.000000,120.7699966430664,121.98999786376952,119.9000015258789,121.73999786376952,4312600.0
2022-12-19 00:00:00.000000,121.55999755859376,121.69000244140624,120.36000061035156,120.79000091552734,1606700.0
2022-12-20 00:00:00.000000,120.54000091552734,122.05999755859376,120.33999633789062,120.41999816894533,1181100.0
2022-12-21 00:00:00.000000,121.16000366210938,122.79000091552734,120.16999816894533,122.5,1615100.0
2022-12-22 00:00:00.000000,121.80999755859376,122.1999969482422,120.26000213623048,121.41999816894533,1335300.0
2022-12-23 00:00:00.000000,121.0199966430664,121.93000030517578,120.58000183105467,121.51000213623048,844700.0
2022-12-27 00:00:00.000000,121.31999969482422,121.37000274658205,120.33999633789062,120.81999969482422,823500.0
2022-12-28 00:00:00.000000,120.9000015258789,121.37000274658205,119.47000122070312,119.54000091552734,898300.0
2022-12-29 00:00:00.000000,120.12000274658205,122.9000015258789,119.41999816894533,122.19000244140624,1222800.0
2022-12-30 00:00:00.000000,121.77999877929688,122.33000183105467,120.79000091552734,122.18000030517578,1164400.0
